0 0.3712962962962963 0.4935185185185185 0.11851851851851852 0.046296296296296294
2 0.2152777777777778 0.5143518518518518 0.010185185185185186 0.025
2 0.29074074074074074 0.5120370370370371 0.009259259259259259 0.020370370370370372
0 0.49398148148148147 0.4925925925925926 0.05092592592592592 0.03888888888888889
2 0.2657407407407407 0.5106481481481482 0.011111111111111112 0.025
2 0.9027777777777778 0.5425925925925926 0.022222222222222223 0.04814814814814815
1 0.7601851851851852 0.4513888888888889 0.025925925925925925 0.03425925925925926
2 0.7902777777777777 0.5203703703703704 0.008333333333333333 0.027777777777777776
2 0.05555555555555555 0.5194444444444445 0.011111111111111112 0.037037037037037035
2 0.8555555555555555 0.5370370370370371 0.012962962962962963 0.03333333333333333
0 0.6333333333333333 0.500462962962963 0.03518518518518519 0.023148148148148147
2 0.924074074074074 0.5402777777777777 0.009259259259259259 0.028703703703703703
2 0.8143518518518519 0.525 0.013888888888888888 0.03518518518518519
2 0.8912037037037037 0.538425925925926 0.010185185185185186 0.032407407407407406
2 0.09444444444444444 0.5125 0.012962962962962963 0.028703703703703703
0 0.5462962962962963 0.49583333333333335 0.024074074074074074 0.025