0 0.3314814814814815 0.49212962962962964 0.10740740740740741 0.062037037037037036
2 0.8680555555555556 0.524074074074074 0.023148148148148147 0.053703703703703705
2 0.9546296296296296 0.5412037037037037 0.02962962962962963 0.058333333333333334
2 0.01712962962962963 0.525 0.021296296296296296 0.04259259259259259
0 0.41944444444444445 0.4898148148148148 0.07222222222222222 0.053703703703703705
1 0.7657407407407407 0.425462962962963 0.03333333333333333 0.041666666666666664
0 0.6046296296296296 0.4930555555555556 0.03518518518518519 0.023148148148148147
2 0.275 0.5060185185185185 0.009259259259259259 0.023148148148148147
2 0.8180555555555555 0.5148148148148148 0.010185185185185186 0.037037037037037035
2 0.1111111111111111 0.5166666666666667 0.020370370370370372 0.040740740740740744
2 0.7939814814814815 0.5027777777777778 0.010185185185185186 0.027777777777777776
2 0.6615740740740741 0.5 0.010185185185185186 0.012962962962962963
0 0.5143518518518518 0.49027777777777776 0.026851851851851852 0.025
2 0.6398148148148148 0.4981481481481482 0.005555555555555556 0.009259259259259259