1 0.7171296296296297 0.4305555555555556 0.01574074074074074 0.020370370370370372
2 0.8625 0.4777777777777778 0.017592592592592594 0.037037037037037035
0 0.6606481481481481 0.4685185185185185 0.041666666666666664 0.03333333333333333
2 0.8981481481481481 0.4888888888888889 0.020370370370370372 0.040740740740740744
2 0.8115740740740741 0.4759259259259259 0.012037037037037037 0.02962962962962963
2 0.7898148148148149 0.4726851851851852 0.009259259259259259 0.021296296296296296
0 0.16296296296296298 0.5361111111111111 0.22777777777777777 0.1537037037037037
2 0.7574074074074074 0.4703703703703704 0.009259259259259259 0.020370370370370372
0 0.5217592592592593 0.47824074074074074 0.06574074074074074 0.026851851851851852
2 0.7481481481481481 0.4699074074074074 0.009259259259259259 0.017592592592592594
2 0.7333333333333333 0.4652777777777778 0.007407407407407408 0.019444444444444445
0 0.03657407407407407 0.5236111111111111 0.0712962962962963 0.03611111111111111
0 0.5680555555555555 0.4708333333333333 0.032407407407407406 0.023148148148148147