2 0.05648148148148148 0.5185185185185185 0.020370370370370372 0.037037037037037035
2 0.1111111111111111 0.5226851851851851 0.009259259259259259 0.019444444444444445
2 0.8328703703703704 0.5162037037037037 0.010185185185185186 0.03981481481481482
2 0.12268518518518519 0.5078703703703704 0.008333333333333333 0.017592592592592594
2 0.0875 0.5083333333333333 0.012037037037037037 0.024074074074074074
1 0.774074074074074 0.412962962962963 0.03518518518518519 0.037037037037037035
0 0.5976851851851852 0.4888888888888889 0.03611111111111111 0.022222222222222223
2 0.25462962962962965 0.5046296296296297 0.007407407407407408 0.020370370370370372
2 0.8981481481481481 0.5268518518518519 0.016666666666666666 0.05555555555555555
0 0.3125 0.48842592592592593 0.09907407407407408 0.06944444444444445
0 0.3976851851851852 0.48518518518518516 0.07685185185185185 0.05925925925925926
2 0.06157407407407407 0.5050925925925925 0.008333333333333333 0.017592592592592594