2 0.26296296296296295 0.5097222222222222 0.011111111111111112 0.023148148148148147
2 0.3282407407407407 0.5078703703703704 0.008333333333333333 0.019444444444444445
1 0.7578703703703704 0.45416666666666666 0.025 0.032407407407407406
2 0.1337962962962963 0.512962962962963 0.010185185185185186 0.03333333333333333
0 0.512962962962963 0.49166666666666664 0.046296296296296294 0.03518518518518519
2 0.3060185185185185 0.5069444444444444 0.012037037037037037 0.021296296296296296
0 0.6407407407407407 0.4981481481481482 0.03888888888888889 0.024074074074074074
2 0.8949074074074074 0.5365740740740741 0.008333333333333333 0.023148148148148147
0 0.5560185185185185 0.49444444444444446 0.023148148148148147 0.024074074074074074
2 0.16018518518518518 0.5106481481481482 0.011111111111111112 0.026851851851851852
2 0.8717592592592592 0.5407407407407407 0.012037037037037037 0.03333333333333333
2 0.8032407407407407 0.5199074074074074 0.013888888888888888 0.03611111111111111
2 0.7833333333333333 0.5162037037037037 0.009259259259259259 0.028703703703703703
2 0.836574074074074 0.5287037037037037 0.012037037037037037 0.037037037037037035
0 0.38796296296296295 0.4912037037037037 0.08518518518518518 0.041666666666666664