2 0.875 0.5222222222222223 0.025925925925925925 0.05925925925925926
0 0.4101851851851852 0.487962962962963 0.07407407407407407 0.05555555555555555
1 0.7662037037037037 0.4212962962962963 0.03425925925925926 0.04259259259259259
2 0.8212962962962963 0.5152777777777777 0.009259259259259259 0.03611111111111111
0 0.32407407407407407 0.49027777777777776 0.10740740740740741 0.06388888888888888
0 0.5995370370370371 0.49074074074074076 0.03611111111111111 0.022222222222222223
2 0.9726851851851852 0.5388888888888889 0.030555555555555555 0.06666666666666667
2 0.0912037037037037 0.5162037037037037 0.013888888888888888 0.03981481481481482
2 0.2652777777777778 0.5069444444444444 0.010185185185185186 0.021296296296296296
2 0.1388888888888889 0.5185185185185185 0.009259259259259259 0.024074074074074074
2 0.7958333333333333 0.5018518518518519 0.008333333333333333 0.027777777777777776
0 0.5097222222222222 0.4875 0.025 0.025
2 0.6592592592592592 0.49722222222222223 0.009259259259259259 0.012962962962962963