2 0.8842592592592593 0.5222222222222223 0.024074074074074074 0.05925925925925926
0 0.3189814814814815 0.4888888888888889 0.10092592592592593 0.06481481481481481
0 0.40370370370370373 0.48564814814814816 0.07592592592592592 0.05648148148148148
1 0.7685185185185185 0.4162037037037037 0.03333333333333333 0.03981481481481482
2 0.825925925925926 0.512962962962963 0.009259259259259259 0.03888888888888889
2 0.2601851851851852 0.5050925925925925 0.009259259259259259 0.021296296296296296
2 0.12777777777777777 0.5175925925925926 0.011111111111111112 0.025925925925925925
0 0.5990740740740741 0.48842592592592593 0.03518518518518519 0.021296296296296296
2 0.0787037037037037 0.5171296296296296 0.012962962962962963 0.03611111111111111
2 0.9861111111111112 0.5412037037037037 0.025925925925925925 0.06388888888888888
2 0.8439814814814814 0.49444444444444446 0.013888888888888888 0.012962962962962963
0 0.5092592592592593 0.4861111111111111 0.025925925925925925 0.025925925925925925