0 0.3425925925925926 0.4930555555555556 0.11296296296296296 0.058333333333333334
2 0.05648148148148148 0.5236111111111111 0.016666666666666666 0.03981481481481482
0 0.4305555555555556 0.4912037037037037 0.06666666666666667 0.05092592592592592
1 0.763425925925926 0.42824074074074076 0.030555555555555555 0.03611111111111111
0 0.6074074074074074 0.49583333333333335 0.03518518518518519 0.023148148148148147
2 0.14212962962962963 0.5148148148148148 0.021296296296296296 0.040740740740740744
2 0.987037037037037 0.5439814814814815 0.012962962962962963 0.049074074074074076
2 0.16898148148148148 0.5152777777777777 0.010185185185185186 0.021296296296296296
2 0.8106481481481481 0.5138888888888888 0.008333333333333333 0.03518518518518519
2 0.9310185185185185 0.5412037037037037 0.021296296296296296 0.05092592592592592
2 0.8555555555555555 0.5226851851851851 0.020370370370370372 0.05092592592592592
2 0.8671296296296296 0.5037037037037037 0.010185185185185186 0.022222222222222223
2 0.8351851851851851 0.5013888888888889 0.012962962962962963 0.012037037037037037
0 0.5185185185185185 0.49212962962962964 0.025925925925925925 0.026851851851851852