2 0.20277777777777778 0.5143518518518518 0.011111111111111112 0.026851851851851852
2 0.2833333333333333 0.5120370370370371 0.009259259259259259 0.020370370370370372
0 0.3726851851851852 0.4925925925925926 0.11574074074074074 0.046296296296296294
2 0.7921296296296296 0.5199074074074074 0.010185185185185186 0.026851851851851852
2 0.25601851851851853 0.5092592592592593 0.013888888888888888 0.027777777777777776
1 0.7611111111111111 0.4444444444444444 0.025925925925925925 0.027777777777777776
2 0.03425925925925926 0.5208333333333334 0.012962962962962963 0.03796296296296296
0 0.487962962962963 0.49212962962962964 0.053703703703703705 0.03981481481481482
0 0.6310185185185185 0.49953703703703706 0.03796296296296296 0.023148148148148147
2 0.8611111111111112 0.5324074074074074 0.018518518518518517 0.04259259259259259
2 0.8986111111111111 0.5375 0.010185185185185186 0.03611111111111111
2 0.8189814814814815 0.5231481481481481 0.013888888888888888 0.037037037037037035
2 0.07592592592592592 0.513425925925926 0.012962962962962963 0.030555555555555555
2 0.9111111111111111 0.5467592592592593 0.02962962962962963 0.04537037037037037
2 0.9324074074074075 0.5393518518518519 0.011111111111111112 0.03425925925925926
0 0.5444444444444444 0.49444444444444446 0.025925925925925925 0.025925925925925925
2 0.8430555555555556 0.5092592592592593 0.01574074074074074 0.016666666666666666
2 0.8671296296296296 0.5194444444444445 0.010185185185185186 0.024074074074074074