0 0.5638888888888889 0.49537037037037035 0.02962962962962963 0.025925925925925925
2 0.16435185185185186 0.5398148148148149 0.012037037037037037 0.027777777777777776
2 0.11805555555555555 0.5439814814814815 0.012037037037037037 0.028703703703703703
1 0.7282407407407407 0.4615740740740741 0.017592592592592594 0.021296296296296296
2 0.9208333333333333 0.5314814814814814 0.021296296296296296 0.040740740740740744
2 0.8143518518518519 0.513425925925926 0.008333333333333333 0.023148148148148147
2 0.9875 0.5504629629629629 0.019444444444444445 0.04537037037037037
2 0.774074074074074 0.5078703703703704 0.009259259259259259 0.023148148148148147
0 0.6625 0.49722222222222223 0.03796296296296296 0.02962962962962963
2 0.8462962962962963 0.5208333333333334 0.012962962962962963 0.03425925925925926
2 0.762962962962963 0.5060185185185185 0.009259259259259259 0.021296296296296296
2 0.2712962962962963 0.5277777777777778 0.009259259259259259 0.020370370370370372
2 0.12546296296296297 0.5333333333333333 0.010185185185185186 0.022222222222222223
2 0.23657407407407408 0.5314814814814814 0.008333333333333333 0.022222222222222223
2 0.43796296296296294 0.5101851851851852 0.007407407407407408 0.014814814814814815
0 0.01574074074074074 0.5277777777777778 0.03148148148148148 0.03888888888888889
2 0.7462962962962963 0.5018518518518519 0.009259259259259259 0.020370370370370372