0 0.34953703703703703 0.4930555555555556 0.11388888888888889 0.058333333333333334
2 0.07407407407407407 0.5226851851851851 0.016666666666666666 0.03796296296296296
2 0.19212962962962962 0.5180555555555556 0.010185185185185186 0.023148148148148147
2 0.8092592592592592 0.5157407407407407 0.009259259259259259 0.03333333333333333
2 0.17824074074074073 0.5138888888888888 0.010185185185185186 0.020370370370370372
1 0.763425925925926 0.43333333333333335 0.030555555555555555 0.03888888888888889
0 0.4388888888888889 0.49166666666666664 0.06481481481481481 0.05
2 0.15555555555555556 0.5152777777777777 0.020370370370370372 0.03611111111111111
2 0.9777777777777777 0.5444444444444444 0.014814814814814815 0.046296296296296294
2 0.924074074074074 0.5416666666666666 0.020370370370370372 0.05
0 0.6111111111111112 0.49675925925925923 0.03518518518518519 0.023148148148148147
2 0.850925925925926 0.5236111111111111 0.018518518518518517 0.049074074074074076
2 0.15925925925925927 0.5060185185185185 0.011111111111111112 0.017592592592592594
2 0.8342592592592593 0.5023148148148148 0.012962962962962963 0.013888888888888888