1 0.7287037037037037 0.4263888888888889 0.014814814814814815 0.019444444444444445
0 0.6694444444444444 0.45925925925925926 0.04259259259259259 0.03518518518518519
2 0.8726851851851852 0.4962962962962963 0.019444444444444445 0.03888888888888889
2 0.8490740740740741 0.48703703703703705 0.014814814814814815 0.02962962962962963
2 0.9435185185185185 0.5097222222222222 0.02962962962962963 0.05648148148148148
0 0.26990740740740743 0.4675925925925926 0.16203703703703703 0.11296296296296296
2 0.8055555555555556 0.4777777777777778 0.011111111111111112 0.027777777777777776
0 0.5671296296296297 0.45092592592592595 0.06388888888888888 0.025925925925925925
0 0.10833333333333334 0.45694444444444443 0.12222222222222222 0.05092592592592592
2 0.7592592592592593 0.4685185185185185 0.009259259259259259 0.020370370370370372
0 0.03009259259259259 0.500462962962963 0.06018518518518518 0.18425925925925926
2 0.787962962962963 0.4736111111111111 0.007407407407407408 0.021296296296296296