1 0.750462962962963 0.45694444444444443 0.021296296296296296 0.028703703703703703
2 0.3143518518518518 0.5018518518518519 0.008333333333333333 0.022222222222222223
2 0.3675925925925926 0.5018518518518519 0.007407407407407408 0.016666666666666666
0 0.6453703703703704 0.49675925925925923 0.03518518518518519 0.025
0 0.5324074074074074 0.4888888888888889 0.040740740740740744 0.03148148148148148
2 0.09351851851851851 0.5148148148148148 0.007407407407407408 0.014814814814814815
2 0.8328703703703704 0.5287037037037037 0.021296296296296296 0.03518518518518519
2 0.7847222222222222 0.5171296296296296 0.010185185185185186 0.026851851851851852
0 0.562037037037037 0.4925925925925926 0.022222222222222223 0.024074074074074074
2 0.21435185185185185 0.5050925925925925 0.010185185185185186 0.026851851851851852
2 0.35 0.5009259259259259 0.009259259259259259 0.018518518518518517
2 0.8587962962962963 0.525 0.010185185185185186 0.027777777777777776
2 0.8101851851851852 0.5236111111111111 0.011111111111111112 0.028703703703703703
2 0.23425925925925925 0.5018518518518519 0.009259259259259259 0.025925925925925925
2 0.9523148148148148 0.5550925925925926 0.032407407407407406 0.05462962962962963
0 0.39305555555555555 0.48703703703703705 0.06388888888888888 0.037037037037037035