1 0.7513888888888889 0.45694444444444443 0.021296296296296296 0.028703703703703703
2 0.37083333333333335 0.500462962962963 0.008333333333333333 0.017592592592592594
0 0.6462962962962963 0.4962962962962963 0.037037037037037035 0.025925925925925925
0 0.5333333333333333 0.4888888888888889 0.03518518518518519 0.03148148148148148
2 0.3189814814814815 0.5023148148148148 0.008333333333333333 0.021296296296296296
2 0.8333333333333334 0.5282407407407408 0.018518518518518517 0.03425925925925926
2 0.22037037037037038 0.5046296296296297 0.009259259259259259 0.025925925925925925
2 0.10740740740740741 0.5138888888888888 0.009259259259259259 0.018518518518518517
2 0.7847222222222222 0.5166666666666667 0.008333333333333333 0.025925925925925925
0 0.5634259259259259 0.49212962962962964 0.023148148148148147 0.025
2 0.35462962962962963 0.500462962962963 0.011111111111111112 0.019444444444444445
2 0.23935185185185184 0.5013888888888889 0.008333333333333333 0.023148148148148147
2 0.8574074074074074 0.5282407407407408 0.007407407407407408 0.019444444444444445
2 0.8097222222222222 0.5226851851851851 0.010185185185185186 0.028703703703703703
0 0.3907407407407407 0.4861111111111111 0.06851851851851852 0.037037037037037035
2 0.9467592592592593 0.5476851851851852 0.013888888888888888 0.04537037037037037