1 0.7560185185185185 0.45694444444444443 0.023148148148148147 0.030555555555555555
2 0.350462962962963 0.5060185185185185 0.008333333333333333 0.017592592592592594
2 0.29305555555555557 0.5074074074074074 0.010185185185185186 0.022222222222222223
2 0.33194444444444443 0.5060185185185185 0.010185185185185186 0.021296296296296296
0 0.525 0.49166666666666664 0.040740740740740744 0.03333333333333333
0 0.6458333333333334 0.4986111111111111 0.03796296296296296 0.025
2 0.18009259259259258 0.5115740740740741 0.010185185185185186 0.028703703703703703
2 0.20277777777777778 0.5087962962962963 0.009259259259259259 0.025
2 0.8537037037037037 0.5370370370370371 0.011111111111111112 0.02962962962962963
0 0.5606481481481481 0.49398148148148147 0.023148148148148147 0.025
2 0.8768518518518519 0.5337962962962963 0.007407407407407408 0.023148148148148147
2 0.8245370370370371 0.5291666666666667 0.010185185185185186 0.026851851851851852
2 0.03981481481481482 0.5175925925925926 0.011111111111111112 0.03148148148148148
2 0.875462962962963 0.5083333333333333 0.008333333333333333 0.011111111111111112
0 0.39305555555555555 0.4912037037037037 0.0712962962962963 0.03981481481481482
2 0.7953703703703704 0.5203703703703704 0.011111111111111112 0.02962962962962963