0 0.33611111111111114 0.4930555555555556 0.10925925925925926 0.06018518518518518
2 0.9361111111111111 0.5421296296296296 0.027777777777777776 0.05277777777777778
2 0.812037037037037 0.5166666666666667 0.009259259259259259 0.03333333333333333
2 0.03981481481481482 0.5254629629629629 0.022222222222222223 0.03981481481481482
2 0.8592592592592593 0.524074074074074 0.020370370370370372 0.05185185185185185
2 0.2824074074074074 0.512962962962963 0.011111111111111112 0.027777777777777776
0 0.6055555555555555 0.49537037037037035 0.03333333333333333 0.022222222222222223
0 0.42453703703703705 0.49212962962962964 0.06944444444444445 0.05277777777777778
1 0.7625 0.42962962962962964 0.032407407407407406 0.040740740740740744
0 0.5152777777777777 0.4930555555555556 0.026851851851851852 0.026851851851851852
2 0.12824074074074074 0.5152777777777777 0.025 0.04351851851851852
2 0.16666666666666666 0.5157407407407407 0.009259259259259259 0.02962962962962963
2 0.8351851851851851 0.500462962962963 0.016666666666666666 0.013888888888888888
2 0.8671296296296296 0.5037037037037037 0.012037037037037037 0.024074074074074074