0 0.09305555555555556 0.5398148148148149 0.18425925925925926 0.18518518518518517
1 0.725462962962963 0.4615740740740741 0.01574074074074074 0.021296296296296296
0 0.663425925925926 0.4962962962962963 0.03981481481481482 0.03148148148148148
2 0.8856481481481482 0.524537037037037 0.013888888888888888 0.030555555555555555
2 0.825925925925926 0.5175925925925926 0.011111111111111112 0.02962962962962963
2 0.9291666666666667 0.5398148148148149 0.023148148148148147 0.04259259259259259
2 0.7643518518518518 0.5060185185185185 0.010185185185185186 0.021296296296296296
2 0.799537037037037 0.5115740740740741 0.008333333333333333 0.021296296296296296
0 0.5037037037037037 0.4962962962962963 0.07037037037037037 0.025925925925925925
2 0.7527777777777778 0.5037037037037037 0.007407407407407408 0.020370370370370372
0 0.5699074074074074 0.49444444444444446 0.03796296296296296 0.024074074074074074
0 0.8731481481481481 0.4981481481481482 0.03333333333333333 0.018518518518518517
0 0.6388888888888888 0.49722222222222223 0.014814814814814815 0.014814814814814815
2 0.7810185185185186 0.5023148148148148 0.008333333333333333 0.017592592592592594
2 0.7398148148148148 0.5 0.007407407407407408 0.020370370370370372
1 0.5157407407407407 0.4759259259259259 0.014814814814814815 0.016666666666666666
2 0.2986111111111111 0.525 0.010185185185185186 0.018518518518518517
2 0.4546296296296296 0.5069444444444444 0.012962962962962963 0.01574074074074074
2 0.38472222222222224 0.5115740740740741 0.010185185185185186 0.023148148148148147