0 0.6675925925925926 0.4722222222222222 0.04259259259259259 0.03518518518518519
2 0.8416666666666667 0.49907407407407406 0.014814814814814815 0.02962962962962963
1 0.725 0.4393518518518518 0.014814814814814815 0.017592592592592594
2 0.8638888888888889 0.5087962962962963 0.016666666666666666 0.03611111111111111
0 0.28194444444444444 0.4773148148148148 0.1527777777777778 0.10648148148148148
0 0.5689814814814815 0.4634259259259259 0.06018518518518518 0.025
2 0.9305555555555556 0.5208333333333334 0.027777777777777776 0.058333333333333334
2 0.8013888888888889 0.49166666666666664 0.010185185185185186 0.025925925925925925
2 0.7824074074074074 0.487962962962963 0.009259259259259259 0.020370370370370372
0 0.0587962962962963 0.4708333333333333 0.11574074074074074 0.24537037037037038
2 0.7546296296296297 0.48148148148148145 0.011111111111111112 0.020370370370370372