1 0.7537037037037037 0.45601851851851855 0.022222222222222223 0.028703703703703703
0 0.6472222222222223 0.49675925925925923 0.03518518518518519 0.025
2 0.3662037037037037 0.5018518518518519 0.008333333333333333 0.016666666666666666
2 0.3125 0.5041666666666667 0.010185185185185186 0.021296296296296296
0 0.5328703703703703 0.48935185185185187 0.041666666666666664 0.032407407407407406
2 0.20879629629629629 0.5064814814814815 0.010185185185185186 0.027777777777777776
2 0.3476851851851852 0.5018518518518519 0.010185185185185186 0.018518518518518517
2 0.09351851851851851 0.5157407407407407 0.007407407407407408 0.012962962962962963
2 0.7898148148148149 0.5185185185185185 0.009259259259259259 0.025925925925925925
2 0.8648148148148148 0.5263888888888889 0.009259259259259259 0.028703703703703703
2 0.8157407407407408 0.5254629629629629 0.009259259259259259 0.026851851851851852
2 0.8412037037037037 0.5300925925925926 0.010185185185185186 0.032407407407407406
0 0.5634259259259259 0.49212962962962964 0.023148148148148147 0.025
2 0.22916666666666666 0.5032407407407408 0.008333333333333333 0.023148148148148147
0 0.387037037037037 0.4875 0.07407407407407407 0.03796296296296296
2 0.9634259259259259 0.5504629629629629 0.013888888888888888 0.04537037037037037
2 0.4861111111111111 0.49722222222222223 0.005555555555555556 0.011111111111111112
2 0.4638888888888889 0.49537037037037035 0.005555555555555556 0.009259259259259259