2 0.36527777777777776 0.5032407407407408 0.008333333333333333 0.01574074074074074
1 0.75 0.45787037037037037 0.022222222222222223 0.028703703703703703
2 0.3125 0.5041666666666667 0.010185185185185186 0.021296296296296296
0 0.6449074074074074 0.4976851851851852 0.03611111111111111 0.025
2 0.8347222222222223 0.5319444444444444 0.017592592592592594 0.032407407407407406
2 0.08935185185185185 0.5157407407407407 0.008333333333333333 0.016666666666666666
2 0.3476851851851852 0.5023148148148148 0.010185185185185186 0.019444444444444445
0 0.5300925925925926 0.49027777777777776 0.03981481481481482 0.032407407407407406
2 0.8592592592592593 0.5287037037037037 0.009259259259259259 0.024074074074074074
2 0.7851851851851852 0.5189814814814815 0.009259259259259259 0.025
2 0.8106481481481481 0.5263888888888889 0.010185185185185186 0.026851851851851852
2 0.21203703703703702 0.5064814814814815 0.011111111111111112 0.027777777777777776
0 0.5611111111111111 0.4935185185185185 0.022222222222222223 0.024074074074074074
0 0.3972222222222222 0.48935185185185187 0.05 0.03611111111111111
2 0.9537037037037037 0.5569444444444445 0.03148148148148148 0.05462962962962963
2 0.2300925925925926 0.5046296296296297 0.008333333333333333 0.022222222222222223