0 0.09490740740740741 0.5393518518518519 0.18425925925925926 0.1824074074074074
1 0.7199074074074074 0.46064814814814814 0.01574074074074074 0.021296296296296296
2 0.8777777777777778 0.5231481481481481 0.016666666666666666 0.03148148148148148
0 0.6587962962962963 0.49537037037037035 0.03981481481481482 0.03148148148148148
2 0.8199074074074074 0.5166666666666667 0.013888888888888888 0.02962962962962963
2 0.7939814814814815 0.5078703703703704 0.010185185185185186 0.023148148148148147
2 0.9217592592592593 0.5356481481481481 0.019444444444444445 0.04351851851851852
2 0.7601851851851852 0.5046296296296297 0.007407407407407408 0.020370370370370372
0 0.5638888888888889 0.4930555555555556 0.03518518518518519 0.025
0 0.4986111111111111 0.4949074074074074 0.0712962962962963 0.026851851851851852
0 0.8675925925925926 0.4962962962962963 0.03148148148148148 0.016666666666666666
2 0.7754629629629629 0.4986111111111111 0.008333333333333333 0.017592592592592594
0 0.6347222222222222 0.49583333333333335 0.010185185185185186 0.013888888888888888
2 0.38055555555555554 0.5125 0.011111111111111112 0.019444444444444445
1 0.5106481481481482 0.4740740740740741 0.01574074074074074 0.018518518518518517
2 0.4486111111111111 0.5046296296296297 0.010185185185185186 0.012962962962962963
2 0.29444444444444445 0.5236111111111111 0.014814814814814815 0.019444444444444445