0 0.060648148148148145 0.549074074074074 0.12129629629629629 0.2111111111111111
2 0.2 0.5393518518518519 0.011111111111111112 0.021296296296296296
1 0.7287037037037037 0.46296296296296297 0.016666666666666666 0.022222222222222223
2 0.8074074074074075 0.5115740740740741 0.009259259259259259 0.021296296296296296
2 0.899074074074074 0.5259259259259259 0.020370370370370372 0.03888888888888889
2 0.9486111111111111 0.5402777777777777 0.023148148148148147 0.049074074074074076
0 0.6662037037037037 0.49722222222222223 0.03981481481481482 0.03148148148148148
2 0.8347222222222223 0.5185185185185185 0.013888888888888888 0.03148148148148148
2 0.7703703703703704 0.5078703703703704 0.009259259259259259 0.021296296296296296
2 0.7587962962962963 0.5050925925925925 0.006481481481481481 0.019444444444444445
2 0.7875 0.5060185185185185 0.008333333333333333 0.017592592592592594
2 0.16111111111111112 0.5310185185185186 0.011111111111111112 0.019444444444444445
2 0.7458333333333333 0.5009259259259259 0.008333333333333333 0.020370370370370372
0 0.5722222222222222 0.4949074074074074 0.03518518518518519 0.025
2 0.26157407407407407 0.5291666666666667 0.008333333333333333 0.021296296296296296
2 0.38287037037037036 0.513425925925926 0.012037037037037037 0.023148148148148147
2 0.2935185185185185 0.5259259259259259 0.012962962962962963 0.020370370370370372