0 0.37037037037037035 0.49212962962962964 0.11666666666666667 0.04722222222222222
2 0.19444444444444445 0.5138888888888888 0.012962962962962963 0.027777777777777776
1 0.7597222222222222 0.44675925925925924 0.026851851851851852 0.03425925925925926
0 0.48564814814814816 0.4925925925925926 0.05277777777777778 0.03888888888888889
2 0.2759259259259259 0.5078703703703704 0.009259259259259259 0.026851851851851852
2 0.24953703703703703 0.5087962962962963 0.012037037037037037 0.026851851851851852
2 0.9180555555555555 0.5449074074074074 0.021296296296296296 0.04722222222222222
2 0.7912037037037037 0.5194444444444445 0.010185185185185186 0.02962962962962963
0 0.5421296296296296 0.49444444444444446 0.025 0.025925925925925925
0 0.6300925925925925 0.4986111111111111 0.03425925925925926 0.023148148148148147
2 0.9356481481481481 0.537962962962963 0.010185185185185186 0.03518518518518519
2 0.8629629629629629 0.5337962962962963 0.016666666666666666 0.03981481481481482
2 0.06388888888888888 0.5125 0.011111111111111112 0.030555555555555555
2 0.9004629629629629 0.5375 0.010185185185185186 0.03425925925925926
2 0.022222222222222223 0.5199074074074074 0.012962962962962963 0.03981481481481482
2 0.8444444444444444 0.5078703703703704 0.014814814814814815 0.01574074074074074