1 0.7138888888888889 0.42916666666666664 0.014814814814814815 0.019444444444444445
2 0.8976851851851851 0.48935185185185187 0.019444444444444445 0.041666666666666664
0 0.6574074074074074 0.4671296296296296 0.040740740740740744 0.032407407407407406
0 0.1412037037037037 0.5319444444444444 0.23981481481481481 0.16018518518518518
2 0.8097222222222222 0.47453703703703703 0.013888888888888888 0.03425925925925926
2 0.7861111111111111 0.47175925925925927 0.009259259259259259 0.021296296296296296
2 0.861574074074074 0.475 0.017592592592592594 0.04259259259259259
2 0.7546296296296297 0.4699074074074074 0.009259259259259259 0.021296296296296296
0 0.5171296296296296 0.475462962962963 0.0712962962962963 0.026851851851851852
2 0.7449074074074075 0.4703703703703704 0.008333333333333333 0.016666666666666666
0 0.5662037037037037 0.4685185185185185 0.032407407407407406 0.024074074074074074
0 0.6305555555555555 0.46620370370370373 0.018518518518518517 0.01574074074074074