1 0.7217592592592592 0.44537037037037036 0.01574074074074074 0.020370370370370372
2 0.9152777777777777 0.5143518518518518 0.023148148148148147 0.05092592592592592
0 0.6611111111111111 0.47962962962962963 0.03888888888888889 0.03148148148148148
2 0.8180555555555555 0.5 0.013888888888888888 0.027777777777777776
2 0.7944444444444444 0.4912037037037037 0.009259259259259259 0.021296296296296296
0 0.10925925925925926 0.5208333333333334 0.21666666666666667 0.1675925925925926
2 0.874537037037037 0.5055555555555555 0.019444444444444445 0.037037037037037035
0 0.5064814814814815 0.48055555555555557 0.07222222222222222 0.027777777777777776
2 0.7611111111111111 0.48842592592592593 0.009259259259259259 0.021296296296296296
0 0.5666666666666667 0.4777777777777778 0.03518518518518519 0.024074074074074074
0 0.8657407407407407 0.48055555555555557 0.02962962962962963 0.016666666666666666