2 0.2490740740740741 0.5138888888888888 0.011111111111111112 0.024074074074074074
2 0.15833333333333333 0.5185185185185185 0.009259259259259259 0.027777777777777776
2 0.9402777777777778 0.5504629629629629 0.023148148148148147 0.05277777777777778
1 0.7578703703703704 0.4449074074074074 0.026851851851851852 0.03611111111111111
2 0.22037037037037038 0.5138888888888888 0.012962962962962963 0.027777777777777776
2 0.7939814814814815 0.5199074074074074 0.010185185185185186 0.026851851851851852
0 0.4708333333333333 0.49444444444444446 0.06018518518518518 0.04259259259259259
0 0.3638888888888889 0.49444444444444446 0.11666666666666667 0.05185185185185185
0 0.6203703703703703 0.500462962962963 0.037037037037037035 0.023148148148148147
0 0.5337962962962963 0.4962962962962963 0.025 0.025925925925925925
2 0.9175925925925926 0.5398148148148149 0.011111111111111112 0.040740740740740744
2 0.8763888888888889 0.5356481481481481 0.017592592592592594 0.04722222222222222