0 0.575 0.4648148148148148 0.05740740740740741 0.02962962962962963
0 0.0787037037037037 0.4759259259259259 0.1574074074074074 0.22777777777777777
2 0.925 0.5203703703703704 0.03148148148148148 0.06111111111111111
2 0.8625 0.5125 0.019444444444444445 0.03981481481481482
2 0.8388888888888889 0.4976851851851852 0.014814814814814815 0.032407407407407406
1 0.7231481481481481 0.44212962962962965 0.020370370370370372 0.023148148148148147
0 0.6662037037037037 0.47314814814814815 0.04351851851851852 0.040740740740740744
2 0.7981481481481482 0.49166666666666664 0.009259259259259259 0.025925925925925925
2 0.7796296296296297 0.48657407407407405 0.007407407407407408 0.019444444444444445
2 0.7532407407407408 0.48194444444444445 0.010185185185185186 0.019444444444444445
0 0.29212962962962963 0.4773148148148148 0.14722222222222223 0.10277777777777777
2 0.8583333333333333 0.5078703703703704 0.016666666666666666 0.03796296296296296
2 0.9199074074074074 0.5203703703703704 0.025 0.053703703703703705