2 0.8902777777777777 0.5259259259259259 0.026851851851851852 0.05740740740740741
2 0.06759259259259259 0.5185185185185185 0.018518518518518517 0.03888888888888889
2 0.09398148148148149 0.5101851851851852 0.010185185185185186 0.024074074074074074
1 0.7708333333333334 0.41388888888888886 0.03425925925925926 0.037037037037037035
0 0.31666666666666665 0.4888888888888889 0.09814814814814815 0.06666666666666667
2 0.12685185185185185 0.5097222222222222 0.009259259259259259 0.017592592592592594
0 0.5990740740740741 0.48935185185185187 0.03518518518518519 0.021296296296296296
2 0.2569444444444444 0.5064814814814815 0.008333333333333333 0.020370370370370372
0 0.4009259259259259 0.48564814814814816 0.07592592592592592 0.058333333333333334
2 0.8296296296296296 0.5125 0.011111111111111112 0.041666666666666664
2 0.11898148148148148 0.5222222222222223 0.010185185185185186 0.020370370370370372