1 0.7277777777777777 0.45601851851851855 0.016666666666666666 0.021296296296296296
2 0.9495370370370371 0.5305555555555556 0.017592592592592594 0.044444444444444446
2 0.06712962962962964 0.5421296296296296 0.012037037037037037 0.03425925925925926
2 0.12037037037037036 0.537962962962963 0.009259259259259259 0.02962962962962963
2 0.8217592592592593 0.5101851851851852 0.008333333333333333 0.025925925925925925
2 0.8601851851851852 0.5203703703703704 0.012962962962962963 0.03518518518518519
0 0.5574074074074075 0.49027777777777776 0.03148148148148148 0.025
0 0.4351851851851852 0.49537037037037035 0.06666666666666667 0.027777777777777776
0 0.6583333333333333 0.49166666666666664 0.037037037037037035 0.02962962962962963
2 0.2439814814814815 0.524537037037037 0.008333333333333333 0.023148148148148147
2 0.7759259259259259 0.5041666666666667 0.009259259259259259 0.025
0 0.575 0.4912037037037037 0.018518518518518517 0.021296296296296296
2 0.20555555555555555 0.5277777777777778 0.007407407407407408 0.024074074074074074
2 0.3490740740740741 0.513425925925926 0.007407407407407408 0.019444444444444445
2 0.7944444444444444 0.5009259259259259 0.007407407407407408 0.020370370370370372
2 0.4074074074074074 0.5074074074074074 0.011111111111111112 0.018518518518518517
2 0.42685185185185187 0.5046296296296297 0.007407407407407408 0.016666666666666666
2 0.9041666666666667 0.49722222222222223 0.006481481481481481 0.022222222222222223
0 0.6324074074074074 0.49212962962962964 0.020370370370370372 0.017592592592592594