0 0.08564814814814815 0.5486111111111112 0.1712962962962963 0.19537037037037036
1 0.7291666666666666 0.462037037037037 0.017592592592592594 0.022222222222222223
0 0.6662037037037037 0.49722222222222223 0.03981481481481482 0.03148148148148148
2 0.8060185185185185 0.5120370370370371 0.010185185185185186 0.024074074074074074
2 0.937962962962963 0.5388888888888889 0.022222222222222223 0.04814814814814815
2 0.7694444444444445 0.5064814814814815 0.009259259259259259 0.022222222222222223
2 0.8925925925925926 0.524074074074074 0.020370370370370372 0.037037037037037035
2 0.8314814814814815 0.5175925925925926 0.014814814814814815 0.03148148148148148
2 0.45185185185185184 0.5092592592592593 0.007407407407407408 0.012962962962962963
0 0.5717592592592593 0.49444444444444446 0.03796296296296296 0.025925925925925925
0 0.5041666666666667 0.49722222222222223 0.06759259259259259 0.025925925925925925
2 0.38564814814814813 0.5115740740740741 0.010185185185185186 0.023148148148148147
2 0.7569444444444444 0.5041666666666667 0.006481481481481481 0.019444444444444445
2 0.4361111111111111 0.5106481481481482 0.007407407407407408 0.01574074074074074
2 0.2689814814814815 0.5287037037037037 0.008333333333333333 0.018518518518518517
2 0.3 0.525 0.011111111111111112 0.020370370370370372
2 0.7439814814814815 0.500462962962963 0.008333333333333333 0.021296296296296296
2 0.7861111111111111 0.5018518518518519 0.009259259259259259 0.016666666666666666
0 0.8777777777777778 0.4981481481481482 0.03148148148148148 0.018518518518518517
0 0.6435185185185185 0.4962962962962963 0.016666666666666666 0.016666666666666666
2 0.9398148148148148 0.5203703703703704 0.009259259259259259 0.018518518518518517