0 0.37083333333333335 0.49398148148148147 0.1175925925925926 0.04722222222222222
2 0.21203703703703702 0.5152777777777777 0.012962962962962963 0.026851851851851852
2 0.28888888888888886 0.5111111111111111 0.009259259259259259 0.022222222222222223
0 0.49212962962962964 0.49398148148148147 0.05092592592592592 0.03796296296296296
1 0.7601851851851852 0.45185185185185184 0.025925925925925925 0.03518518518518519
2 0.26342592592592595 0.5111111111111111 0.012037037037037037 0.025925925925925925
0 0.6324074074074074 0.5009259259259259 0.03518518518518519 0.024074074074074074
2 0.9259259259259259 0.5421296296296296 0.009259259259259259 0.030555555555555555
2 0.8574074074074074 0.538425925925926 0.011111111111111112 0.032407407407407406
2 0.7907407407407407 0.5217592592592593 0.007407407407407408 0.026851851851851852
2 0.050462962962962966 0.5199074074074074 0.010185185185185186 0.03796296296296296
2 0.8930555555555556 0.5398148148148149 0.008333333333333333 0.03148148148148148
2 0.09027777777777778 0.513425925925926 0.012037037037037037 0.030555555555555555
2 0.9078703703703703 0.5453703703703704 0.010185185185185186 0.040740740740740744
0 0.5458333333333333 0.49675925925925923 0.023148148148148147 0.025
2 0.8166666666666667 0.5236111111111111 0.014814814814814815 0.03796296296296296