2 0.18564814814814815 0.5412037037037037 0.010185185185185186 0.025
1 0.7310185185185185 0.46435185185185185 0.01574074074074074 0.021296296296296296
2 0.14351851851851852 0.5476851851851852 0.012962962962962963 0.021296296296296296
0 0.6652777777777777 0.49953703703703706 0.03796296296296296 0.030555555555555555
2 0.9671296296296297 0.5439814814814815 0.028703703703703703 0.05648148148148148
2 0.9097222222222222 0.5305555555555556 0.021296296296296296 0.040740740740740744
2 0.8115740740740741 0.5111111111111111 0.008333333333333333 0.027777777777777776
0 0.5703703703703704 0.49722222222222223 0.03518518518518519 0.024074074074074074
2 0.774074074074074 0.5078703703703704 0.009259259259259259 0.026851851851851852
2 0.2851851851851852 0.5296296296296297 0.007407407407407408 0.020370370370370372
2 0.7625 0.5055555555555555 0.008333333333333333 0.024074074074074074
2 0.8416666666666667 0.5166666666666667 0.012962962962962963 0.040740740740740744
2 0.42962962962962964 0.5148148148148148 0.007407407407407408 0.012962962962962963
0 0.016203703703703703 0.5652777777777778 0.032407407407407406 0.17685185185185184
2 0.1476851851851852 0.5342592592592592 0.012037037037037037 0.022222222222222223
0 0.49166666666666664 0.5013888888888889 0.05740740740740741 0.026851851851851852
0 0.6421296296296296 0.4986111111111111 0.019444444444444445 0.01574074074074074
2 0.2523148148148148 0.5333333333333333 0.008333333333333333 0.020370370370370372
0 0.8865740740740741 0.500462962962963 0.041666666666666664 0.019444444444444445
0 0.04398148148148148 0.5287037037037037 0.03796296296296296 0.03888888888888889