2 0.16111111111111112 0.5412037037037037 0.014814814814814815 0.028703703703703703
0 0.06944444444444445 0.5527777777777778 0.1388888888888889 0.2037037037037037
2 0.20092592592592592 0.5370370370370371 0.011111111111111112 0.022222222222222223
1 0.7282407407407407 0.4615740740740741 0.017592592592592594 0.021296296296296296
2 0.8060185185185185 0.5120370370370371 0.010185185185185186 0.022222222222222223
0 0.6652777777777777 0.4962962962962963 0.03981481481481482 0.03148148148148148
2 0.8967592592592593 0.524074074074074 0.017592592592592594 0.03888888888888889
2 0.7689814814814815 0.5064814814814815 0.008333333333333333 0.020370370370370372
2 0.9444444444444444 0.5416666666666666 0.024074074074074074 0.046296296296296294
2 0.8333333333333334 0.5180555555555556 0.012962962962962963 0.030555555555555555
2 0.4324074074074074 0.5111111111111111 0.007407407407407408 0.014814814814814815
0 0.5685185185185185 0.49398148148148147 0.03888888888888889 0.025
2 0.2625 0.5273148148148148 0.010185185185185186 0.021296296296296296
2 0.7856481481481481 0.5018518518518519 0.008333333333333333 0.016666666666666666
2 0.7439814814814815 0.500462962962963 0.008333333333333333 0.019444444444444445
0 0.49907407407407406 0.4981481481481482 0.06481481481481481 0.024074074074074074
2 0.38287037037037036 0.5120370370370371 0.012037037037037037 0.022222222222222223