2 0.3453703703703704 0.5064814814814815 0.007407407407407408 0.016666666666666666
1 0.7578703703703704 0.45601851851851855 0.023148148148148147 0.030555555555555555
2 0.28564814814814815 0.5078703703703704 0.010185185185185186 0.023148148148148147
2 0.32546296296296295 0.5074074074074074 0.010185185185185186 0.018518518518518517
0 0.6453703703703704 0.49907407407407406 0.037037037037037035 0.024074074074074074
2 0.020833333333333332 0.5199074074074074 0.010185185185185186 0.032407407407407406
2 0.8291666666666667 0.5291666666666667 0.010185185185185186 0.028703703703703703
2 0.1675925925925926 0.5115740740740741 0.009259259259259259 0.032407407407407406
2 0.799074074074074 0.5199074074074074 0.011111111111111112 0.030555555555555555
0 0.5222222222222223 0.49212962962962964 0.04259259259259259 0.03425925925925926
2 0.8828703703703704 0.5337962962962963 0.008333333333333333 0.025
2 0.19074074074074074 0.5097222222222222 0.009259259259259259 0.025
2 0.6962962962962963 0.5069444444444444 0.007407407407407408 0.013888888888888888
0 0.39444444444444443 0.4912037037037037 0.07777777777777778 0.03981481481481482
2 0.16805555555555557 0.5013888888888889 0.006481481481481481 0.013888888888888888
2 0.8587962962962963 0.5375 0.012037037037037037 0.030555555555555555