2 0.27037037037037037 0.5083333333333333 0.011111111111111112 0.024074074074074074
2 0.3333333333333333 0.5060185185185185 0.009259259259259259 0.019444444444444445
1 0.7569444444444444 0.4546296296296296 0.023148148148148147 0.03148148148148148
2 0.14444444444444443 0.5120370370370371 0.011111111111111112 0.03148148148148148
2 0.8902777777777777 0.5356481481481481 0.008333333333333333 0.023148148148148147
0 0.6421296296296296 0.4976851851851852 0.03796296296296296 0.025
0 0.5574074074074075 0.4935185185185185 0.024074074074074074 0.024074074074074074
2 0.8009259259259259 0.5208333333333334 0.012962962962962963 0.032407407407407406
2 0.8337962962962963 0.5287037037037037 0.012037037037037037 0.03333333333333333
2 0.31342592592592594 0.5050925925925925 0.012037037037037037 0.023148148148148147
2 0.4412037037037037 0.49907407407407406 0.006481481481481481 0.012962962962962963
2 0.1712962962962963 0.5064814814814815 0.011111111111111112 0.025925925925925925
2 0.8666666666666667 0.5393518518518519 0.011111111111111112 0.028703703703703703
0 0.5162037037037037 0.4912037037037037 0.04537037037037037 0.03425925925925926
2 0.7810185185185186 0.5166666666666667 0.008333333333333333 0.025925925925925925
2 0.6939814814814815 0.5069444444444444 0.008333333333333333 0.013888888888888888