2 0.07083333333333333 0.5231481481481481 0.019444444444444445 0.037037037037037035
0 0.3476851851851852 0.4930555555555556 0.11203703703703703 0.058333333333333334
2 0.18888888888888888 0.5194444444444445 0.009259259259259259 0.020370370370370372
2 0.15138888888888888 0.5152777777777777 0.019444444444444445 0.03796296296296296
2 0.17592592592592593 0.513425925925926 0.009259259259259259 0.021296296296296296
2 0.8106481481481481 0.5152777777777777 0.008333333333333333 0.032407407407407406
0 0.44074074074074077 0.49074074074074076 0.06666666666666667 0.05
1 0.7643518518518518 0.4305555555555556 0.030555555555555555 0.03888888888888889
2 0.9810185185185185 0.5425925925925926 0.013888888888888888 0.05
2 0.1597222222222222 0.5050925925925925 0.010185185185185186 0.017592592592592594
0 0.6134259259259259 0.49583333333333335 0.028703703703703703 0.023148148148148147
2 0.8532407407407407 0.5226851851851851 0.017592592592592594 0.049074074074074076
2 0.9273148148148148 0.5393518518518519 0.021296296296296296 0.05092592592592592
2 0.8671296296296296 0.5032407407407408 0.010185185185185186 0.021296296296296296
2 0.8351851851851851 0.5018518518518519 0.014814814814814815 0.012962962962962963