2 0.19074074074074074 0.5375 0.011111111111111112 0.025
1 0.7296296296296296 0.462037037037037 0.016666666666666666 0.022222222222222223
2 0.14814814814814814 0.5402777777777777 0.011111111111111112 0.028703703703703703
2 0.9611111111111111 0.5449074074074074 0.025925925925925925 0.049074074074074076
0 0.6652777777777777 0.49722222222222223 0.03981481481481482 0.03148148148148148
2 0.9055555555555556 0.5273148148148148 0.020370370370370372 0.03796296296296296
2 0.7722222222222223 0.5069444444444444 0.009259259259259259 0.023148148148148147
2 0.8097222222222222 0.5111111111111111 0.008333333333333333 0.024074074074074074
0 0.032407407407407406 0.5449074074074074 0.06481481481481481 0.19537037037037036
2 0.8388888888888889 0.5175925925925926 0.014814814814814815 0.03518518518518519
2 0.7611111111111111 0.5046296296296297 0.007407407407407408 0.020370370370370372
2 0.287962962962963 0.525 0.009259259259259259 0.022222222222222223
2 0.4300925925925926 0.5115740740740741 0.008333333333333333 0.013888888888888888
2 0.15092592592592594 0.5305555555555556 0.011111111111111112 0.022222222222222223
0 0.5712962962962963 0.49537037037037035 0.037037037037037035 0.025925925925925925
2 0.25555555555555554 0.5291666666666667 0.007407407407407408 0.021296296296296296
2 0.7898148148148149 0.5037037037037037 0.007407407407407408 0.020370370370370372
0 0.4935185185185185 0.49953703703703706 0.06111111111111111 0.025