1 0.7476851851851852 0.4587962962962963 0.021296296296296296 0.026851851851851852
2 0.32407407407407407 0.5037037037037037 0.009259259259259259 0.020370370370370372
0 0.6453703703703704 0.4976851851851852 0.03518518518518519 0.025
2 0.8041666666666667 0.524074074074074 0.010185185185185186 0.02962962962962963
2 0.850925925925926 0.5296296296296297 0.009259259259259259 0.020370370370370372
0 0.5324074074074074 0.49027777777777776 0.03518518518518519 0.030555555555555555
2 0.37222222222222223 0.5009259259259259 0.007407407407407408 0.016666666666666666
2 0.825925925925926 0.5310185185185186 0.016666666666666666 0.030555555555555555
2 0.7796296296296297 0.5189814814814815 0.009259259259259259 0.026851851851851852
0 0.562037037037037 0.4935185185185185 0.022222222222222223 0.024074074074074074
2 0.11990740740740741 0.5138888888888888 0.008333333333333333 0.018518518518518517
2 0.35648148148148145 0.5013888888888889 0.009259259259259259 0.019444444444444445
2 0.22870370370370371 0.5055555555555555 0.009259259259259259 0.025925925925925925
2 0.9333333333333333 0.5472222222222223 0.014814814814814815 0.046296296296296294
2 0.24583333333333332 0.5013888888888889 0.008333333333333333 0.021296296296296296
2 0.005555555555555556 0.512962962962963 0.009259259259259259 0.03888888888888889
0 0.3851851851851852 0.487962962962963 0.06481481481481481 0.03518518518518519
2 0.7657407407407407 0.5106481481481482 0.007407407407407408 0.025
2 0.48657407407407405 0.4976851851851852 0.006481481481481481 0.012037037037037037
2 0.4625 0.49583333333333335 0.006481481481481481 0.010185185185185186
0 0.8175925925925925 0.5041666666666667 0.027777777777777776 0.021296296296296296