0 0.6615740740740741 0.45601851851851855 0.041666666666666664 0.03425925925925926
1 0.7171296296296297 0.41944444444444445 0.01574074074074074 0.020370370370370372
2 0.8537037037037037 0.47129629629629627 0.014814814814814815 0.03333333333333333
2 0.8046296296296296 0.4652777777777778 0.011111111111111112 0.030555555555555555
2 0.9699074074074074 0.49027777777777776 0.030555555555555555 0.062037037037037036
0 0.20925925925925926 0.5023148148148148 0.19814814814814816 0.13425925925925927
2 0.8833333333333333 0.4791666666666667 0.020370370370370372 0.03981481481481482
2 0.7847222222222222 0.4634259259259259 0.008333333333333333 0.021296296296296296
0 0.538425925925926 0.4587962962962963 0.06944444444444445 0.026851851851851852
0 0.06527777777777778 0.4976851851851852 0.12129629629629629 0.049074074074074076
2 0.7550925925925925 0.4597222222222222 0.008333333333333333 0.019444444444444445
2 0.7324074074074074 0.4550925925925926 0.005555555555555556 0.017592592592592594