0 0.5662037037037037 0.5023148148148148 0.025 0.028703703703703703
2 0.18055555555555555 0.5439814814814815 0.011111111111111112 0.025
1 0.7282407407407407 0.4666666666666667 0.01574074074074074 0.020370370370370372
2 0.1375 0.5486111111111112 0.012037037037037037 0.025
0 0.662962962962963 0.5023148148148148 0.03888888888888889 0.030555555555555555
2 0.9685185185185186 0.549074074074074 0.027777777777777776 0.053703703703703705
2 0.8101851851851852 0.5148148148148148 0.009259259259259259 0.027777777777777776
2 0.7722222222222223 0.5111111111111111 0.009259259259259259 0.025925925925925925
2 0.8398148148148148 0.5208333333333334 0.012962962962962963 0.03796296296296296
2 0.425462962962963 0.5162037037037037 0.006481481481481481 0.012037037037037037
2 0.9106481481481481 0.5328703703703703 0.023148148148148147 0.04351851851851852
2 0.7893518518518519 0.5092592592592593 0.006481481481481481 0.018518518518518517
2 0.7611111111111111 0.5106481481481482 0.007407407407407408 0.021296296296296296
0 0.4847222222222222 0.5037037037037037 0.05462962962962963 0.025925925925925925
2 0.8856481481481482 0.5074074074074074 0.008333333333333333 0.014814814814814815
2 0.14212962962962963 0.5375 0.012037037037037037 0.023148148148148147
2 0.2810185185185185 0.5319444444444444 0.010185185185185186 0.021296296296296296
2 0.24768518518518517 0.5342592592592592 0.008333333333333333 0.024074074074074074