2 0.17731481481481481 0.5175925925925926 0.012037037037037037 0.025925925925925925
1 0.7601851851851852 0.44722222222222224 0.025925925925925925 0.03333333333333333
2 0.2625 0.5120370370370371 0.010185185185185186 0.024074074074074074
2 0.2351851851851852 0.512962962962963 0.011111111111111112 0.027777777777777776
0 0.3685185185185185 0.4935185185185185 0.11666666666666667 0.05
2 0.9106481481481481 0.5407407407407407 0.010185185185185186 0.03518518518518519
0 0.6263888888888889 0.5 0.03425925925925926 0.022222222222222223
2 0.7944444444444444 0.5194444444444445 0.009259259259259259 0.027777777777777776
0 0.47824074074074074 0.4930555555555556 0.05462962962962963 0.041666666666666664
2 0.8722222222222222 0.5365740740740741 0.016666666666666666 0.041666666666666664
2 0.03796296296296296 0.5175925925925926 0.011111111111111112 0.02962962962962963
2 0.8564814814814815 0.5115740740740741 0.007407407407407408 0.023148148148148147
2 0.9486111111111111 0.5407407407407407 0.010185185185185186 0.037037037037037035
2 0.8375 0.5083333333333333 0.010185185185185186 0.014814814814814815
2 0.8236111111111111 0.5254629629629629 0.010185185185185186 0.03611111111111111
0 0.5398148148148149 0.49583333333333335 0.024074074074074074 0.025