1 0.7236111111111111 0.4287037037037037 0.01574074074074074 0.020370370370370372
0 0.6662037037037037 0.462037037037037 0.041666666666666664 0.03333333333333333
2 0.8726851851851852 0.4976851851851852 0.019444444444444445 0.03981481481481482
2 0.8476851851851852 0.4888888888888889 0.013888888888888888 0.027777777777777776
2 0.9486111111111111 0.5092592592592593 0.028703703703703703 0.05740740740740741
0 0.25 0.4777777777777778 0.17222222222222222 0.11666666666666667
2 0.8041666666666667 0.48009259259259257 0.010185185185185186 0.026851851851851852
0 0.5583333333333333 0.45601851851851855 0.06851851851851852 0.025
2 0.7847222222222222 0.47638888888888886 0.008333333333333333 0.019444444444444445
2 0.7574074074074074 0.4703703703703704 0.007407407407407408 0.018518518518518517
0 0.08194444444444444 0.46944444444444444 0.15648148148148147 0.053703703703703705
2 0.749537037037037 0.4689814814814815 0.008333333333333333 0.01574074074074074
2 0.737037037037037 0.46296296296296297 0.007407407407407408 0.016666666666666666