0 0.3712962962962963 0.49166666666666664 0.11666666666666667 0.044444444444444446
2 0.2212962962962963 0.5106481481481482 0.011111111111111112 0.026851851851851852
2 0.2962962962962963 0.5097222222222222 0.009259259259259259 0.019444444444444445
0 0.49675925925925923 0.49212962962962964 0.049074074074074076 0.03796296296296296
1 0.7601851851851852 0.45092592592592595 0.025925925925925925 0.03333333333333333
2 0.27314814814814814 0.5097222222222222 0.011111111111111112 0.023148148148148147
2 0.7898148148148149 0.5185185185185185 0.007407407407407408 0.025925925925925925
0 0.5481481481481482 0.49398148148148147 0.024074074074074074 0.025
0 0.6356481481481482 0.49907407407407406 0.03425925925925926 0.024074074074074074
2 0.8537037037037037 0.537962962962963 0.011111111111111112 0.027777777777777776
2 0.8134259259259259 0.5236111111111111 0.012037037037037037 0.032407407407407406
2 0.9004629629629629 0.5444444444444444 0.010185185185185186 0.03888888888888889
2 0.9199074074074074 0.538425925925926 0.008333333333333333 0.028703703703703703
2 0.10185185185185185 0.5125 0.009259259259259259 0.023148148148148147
2 0.06712962962962964 0.5162037037037037 0.012037037037037037 0.03796296296296296
2 0.8870370370370371 0.5370370370370371 0.009259259259259259 0.03148148148148148