0 0.375 0.49166666666666664 0.10925925925925926 0.044444444444444446
0 0.5032407407407408 0.49166666666666664 0.049074074074074076 0.037037037037037035
2 0.23703703703703705 0.5106481481481482 0.011111111111111112 0.025
1 0.7597222222222222 0.45231481481481484 0.025 0.032407407407407406
2 0.09166666666666666 0.5157407407407407 0.011111111111111112 0.03333333333333333
2 0.30833333333333335 0.5087962962962963 0.007407407407407408 0.019444444444444445
2 0.787962962962963 0.5189814814814815 0.007407407407407408 0.023148148148148147
2 0.9106481481481481 0.538425925925926 0.008333333333333333 0.025
2 0.8898148148148148 0.5425925925925926 0.009259259259259259 0.03518518518518519
0 0.6370370370370371 0.49907407407407406 0.03518518518518519 0.024074074074074074
2 0.8462962962962963 0.5370370370370371 0.012962962962962963 0.025925925925925925
0 0.5504629629629629 0.49444444444444446 0.023148148148148147 0.025925925925925925
2 0.8101851851851852 0.5222222222222223 0.011111111111111112 0.03148148148148148
2 0.2851851851851852 0.5097222222222222 0.011111111111111112 0.021296296296296296
2 0.8800925925925925 0.5356481481481481 0.008333333333333333 0.028703703703703703
2 0.12453703703703704 0.5092592592592593 0.012037037037037037 0.025925925925925925