2 0.17037037037037037 0.538425925925926 0.011111111111111112 0.026851851851851852
1 0.7282407407407407 0.4587962962962963 0.017592592592592594 0.021296296296296296
2 0.9171296296296296 0.5259259259259259 0.021296296296296296 0.04259259259259259
2 0.8449074074074074 0.5189814814814815 0.01574074074074074 0.032407407407407406
2 0.8125 0.5111111111111111 0.008333333333333333 0.025925925925925925
2 0.7731481481481481 0.5046296296296297 0.009259259259259259 0.024074074074074074
2 0.42268518518518516 0.5101851851851852 0.008333333333333333 0.016666666666666666
2 0.9810185185185185 0.5416666666666666 0.028703703703703703 0.05925925925925926
0 0.6638888888888889 0.49444444444444446 0.03888888888888889 0.02962962962962963
0 0.5685185185185185 0.4925925925925926 0.03888888888888889 0.025925925925925925
2 0.12407407407407407 0.5393518518518519 0.011111111111111112 0.030555555555555555
2 0.275 0.525 0.011111111111111112 0.022222222222222223
2 0.4388888888888889 0.5078703703703704 0.007407407407407408 0.013888888888888888
2 0.24074074074074073 0.5287037037037037 0.009259259259259259 0.022222222222222223
2 0.3699074074074074 0.5115740740740741 0.012037037037037037 0.023148148148148147
2 0.7449074074074075 0.49907407407407406 0.008333333333333333 0.020370370370370372
2 0.7597222222222222 0.5023148148148148 0.010185185185185186 0.021296296296296296
0 0.48148148148148145 0.49953703703703706 0.046296296296296294 0.021296296296296296
0 0.020370370370370372 0.524074074074074 0.040740740740740744 0.040740740740740744
0 0.6398148148148148 0.49583333333333335 0.012962962962962963 0.013888888888888888