0 0.3768518518518518 0.4912037037037037 0.10740740740740741 0.04351851851851852
2 0.24212962962962964 0.5101851851851852 0.010185185185185186 0.024074074074074074
0 0.5041666666666667 0.4925925925925926 0.049074074074074076 0.037037037037037035
2 0.31203703703703706 0.5087962962962963 0.007407407407407408 0.017592592592592594
1 0.7587962962962963 0.4532407407407407 0.025 0.032407407407407406
2 0.09953703703703703 0.5148148148148148 0.010185185185185186 0.03518518518518519
2 0.287962962962963 0.5101851851851852 0.011111111111111112 0.020370370370370372
0 0.6370370370370371 0.49907407407407406 0.03518518518518519 0.024074074074074074
2 0.7870370370370371 0.5175925925925926 0.007407407407407408 0.025925925925925925
2 0.8828703703703704 0.5416666666666666 0.025 0.03888888888888889
2 0.8083333333333333 0.5194444444444445 0.011111111111111112 0.03518518518518519
2 0.8449074074074074 0.5282407407407408 0.013888888888888888 0.041666666666666664
0 0.5513888888888889 0.4949074074074074 0.023148148148148147 0.025
2 0.9069444444444444 0.5388888888888889 0.008333333333333333 0.025925925925925925