0 0.3731481481481482 0.49166666666666664 0.11481481481481481 0.044444444444444446
2 0.22453703703703703 0.5115740740740741 0.010185185185185186 0.025
0 0.4981481481481482 0.4925925925925926 0.04814814814814815 0.037037037037037035
2 0.2740740740740741 0.5106481481481482 0.011111111111111112 0.021296296296296296
2 0.29907407407407405 0.5097222222222222 0.009259259259259259 0.019444444444444445
1 0.7597222222222222 0.45092592592592595 0.025 0.03333333333333333
2 0.7898148148148149 0.5199074074074074 0.007407407407407408 0.025
0 0.6356481481481482 0.49953703703703706 0.03611111111111111 0.023148148148148147
2 0.07083333333333333 0.5157407407407407 0.012037037037037037 0.03888888888888889
0 0.549074074074074 0.49444444444444446 0.024074074074074074 0.025925925925925925
2 0.8523148148148149 0.537962962962963 0.012037037037037037 0.027777777777777776
2 0.812962962962963 0.524074074074074 0.011111111111111112 0.02962962962962963
2 0.8981481481481481 0.5439814814814815 0.011111111111111112 0.03981481481481482
2 0.8861111111111111 0.5370370370370371 0.009259259259259259 0.03148148148148148
2 0.9185185185185185 0.538425925925926 0.009259259259259259 0.030555555555555555
2 0.1087962962962963 0.5097222222222222 0.012037037037037037 0.028703703703703703
2 0.8217592592592593 0.5087962962962963 0.010185185185185186 0.010185185185185186