0 0.34814814814814815 0.49444444444444446 0.11481481481481481 0.05555555555555555
2 0.8467592592592592 0.5287037037037037 0.017592592592592594 0.040740740740740744
2 0.19814814814814816 0.5194444444444445 0.009259259259259259 0.022222222222222223
0 0.4412037037037037 0.49212962962962964 0.062037037037037036 0.049074074074074076
2 0.08287037037037037 0.5236111111111111 0.012037037037037037 0.03425925925925926
2 0.8060185185185185 0.5180555555555556 0.010185185185185186 0.030555555555555555
2 0.16203703703703703 0.5166666666666667 0.014814814814814815 0.03333333333333333
1 0.7615740740740741 0.43148148148148147 0.030555555555555555 0.03333333333333333
0 0.6101851851851852 0.49675925925925923 0.03518518518518519 0.023148148148148147
2 0.18055555555555555 0.5125 0.011111111111111112 0.01574074074074074
2 0.9675925925925926 0.5430555555555555 0.011111111111111112 0.04722222222222222
2 0.19166666666666668 0.5138888888888888 0.014814814814814815 0.022222222222222223