0 0.3523148148148148 0.49583333333333335 0.11574074074074074 0.05462962962962963
2 0.10185185185185185 0.5236111111111111 0.014814814814814815 0.032407407407407406
0 0.4462962962962963 0.4925925925925926 0.06296296296296296 0.046296296296296294
2 0.2101851851851852 0.5194444444444445 0.011111111111111112 0.022222222222222223
2 0.8023148148148148 0.5185185185185185 0.010185185185185186 0.03148148148148148
2 0.17546296296296296 0.5185185185185185 0.017592592592592594 0.03148148148148148
1 0.7597222222222222 0.43842592592592594 0.030555555555555555 0.03796296296296296
2 0.8402777777777778 0.5254629629629629 0.013888888888888888 0.04537037037037037
2 0.9041666666666667 0.5412037037037037 0.019444444444444445 0.049074074074074076
2 0.9532407407407407 0.5435185185185185 0.012037037037037037 0.044444444444444446
2 0.8291666666666667 0.5046296296296297 0.010185185185185186 0.016666666666666666
0 0.6125 0.4986111111111111 0.03796296296296296 0.023148148148148147
2 0.1912037037037037 0.5125 0.010185185185185186 0.017592592592592594
0 0.524074074074074 0.49583333333333335 0.025925925925925925 0.026851851851851852