2 0.8597222222222223 0.5296296296296297 0.021296296296296296 0.046296296296296294
0 0.33425925925925926 0.4935185185185185 0.10740740740740741 0.06111111111111111
2 0.8125 0.5175925925925926 0.008333333333333333 0.03333333333333333
2 0.937962962962963 0.5425925925925926 0.03148148148148148 0.05740740740740741
2 0.032407407407407406 0.5254629629629629 0.020370370370370372 0.041666666666666664
0 0.6032407407407407 0.4962962962962963 0.03425925925925926 0.022222222222222223
0 0.4236111111111111 0.49212962962962964 0.06944444444444445 0.05277777777777778
1 0.763425925925926 0.42916666666666664 0.032407407407407406 0.041666666666666664
2 0.12314814814814815 0.5171296296296296 0.018518518518518517 0.03981481481481482
2 0.2791666666666667 0.5055555555555555 0.010185185185185186 0.02962962962962963
2 0.8680555555555556 0.5050925925925925 0.012037037037037037 0.025
2 0.13518518518518519 0.5106481481481482 0.009259259259259259 0.023148148148148147
0 0.5143518518518518 0.4930555555555556 0.026851851851851852 0.026851851851851852
2 0.8351851851851851 0.5009259259259259 0.016666666666666666 0.012962962962962963