2 0.18101851851851852 0.5166666666666667 0.012037037037037037 0.027777777777777776
2 0.26666666666666666 0.512962962962963 0.009259259259259259 0.022222222222222223
1 0.7597222222222222 0.4476851851851852 0.026851851851851852 0.03425925925925926
0 0.3680555555555556 0.49398148148148147 0.1175925925925926 0.049074074074074076
2 0.2375 0.5125 0.012037037037037037 0.026851851851851852
0 0.47962962962962963 0.4935185185185185 0.05555555555555555 0.040740740740740744
0 0.6263888888888889 0.500462962962963 0.03611111111111111 0.023148148148148147
2 0.7944444444444444 0.5194444444444445 0.009259259259259259 0.025925925925925925
2 0.8662037037037037 0.5333333333333333 0.019444444444444445 0.046296296296296294
2 0.9092592592592592 0.5402777777777777 0.011111111111111112 0.03611111111111111
2 0.04351851851851852 0.5166666666666667 0.011111111111111112 0.027777777777777776
0 0.5393518518518519 0.49537037037037035 0.025 0.025925925925925925
2 0.8560185185185185 0.5120370370370371 0.006481481481481481 0.024074074074074074
2 0.9458333333333333 0.5421296296296296 0.010185185185185186 0.03425925925925926