1 0.7546296296296297 0.45601851851851855 0.022222222222222223 0.030555555555555555
0 0.6462962962962963 0.4976851851851852 0.037037037037037035 0.025
2 0.8462962962962963 0.5319444444444444 0.018518518518518517 0.03611111111111111
2 0.30277777777777776 0.5060185185185185 0.009259259259259259 0.021296296296296296
2 0.1935185185185185 0.5092592592592593 0.009259259259259259 0.027777777777777776
2 0.3587962962962963 0.5046296296296297 0.006481481481481481 0.016666666666666666
0 0.5282407407407408 0.49074074074074076 0.03981481481481482 0.03333333333333333
2 0.7907407407407407 0.5194444444444445 0.012962962962962963 0.027777777777777776
2 0.3402777777777778 0.5023148148148148 0.010185185185185186 0.021296296296296296
2 0.8199074074074074 0.5259259259259259 0.013888888888888888 0.03148148148148148
2 0.9805555555555555 0.5611111111111111 0.03148148148148148 0.05555555555555555
2 0.8703703703703703 0.5300925925925926 0.009259259259259259 0.025
2 0.2162037037037037 0.5074074074074074 0.010185185185185186 0.025925925925925925
2 0.06296296296296296 0.5166666666666667 0.011111111111111112 0.024074074074074074
0 0.562037037037037 0.49398148148148147 0.022222222222222223 0.025
0 0.399537037037037 0.4898148148148148 0.058333333333333334 0.037037037037037035
2 0.4564814814814815 0.4986111111111111 0.007407407407407408 0.012037037037037037
2 0.4787037037037037 0.49907407407407406 0.009259259259259259 0.012962962962962963
2 0.7736111111111111 0.5115740740740741 0.010185185185185186 0.026851851851851852