0 0.3486111111111111 0.4935185185185185 0.11574074074074074 0.05555555555555555
2 0.0912037037037037 0.5231481481481481 0.013888888888888888 0.03333333333333333
2 0.9046296296296297 0.5416666666666666 0.024074074074074074 0.046296296296296294
2 0.2023148148148148 0.5189814814814815 0.010185185185185186 0.021296296296296296
0 0.44305555555555554 0.49212962962962964 0.06018518518518518 0.04722222222222222
2 0.8421296296296297 0.524074074074074 0.017592592592592594 0.046296296296296294
2 0.8023148148148148 0.5175925925925926 0.010185185185185186 0.03333333333333333
2 0.16435185185185186 0.5166666666666667 0.017592592592592594 0.03148148148148148
0 0.6092592592592593 0.4976851851851852 0.037037037037037035 0.023148148148148147
1 0.7592592592592593 0.43657407407407406 0.02962962962962963 0.03796296296296296
2 0.9592592592592593 0.5435185185185185 0.012962962962962963 0.046296296296296294
2 0.8296296296296296 0.5032407407407408 0.009259259259259259 0.01574074074074074
0 0.5208333333333334 0.49398148148148147 0.025 0.025