0 0.3643148148148148 0.4971481481481481 0.12606481481481482 0.05555555555555555
2 0.15138888888888888 0.5208333333333334 0.012037037037037037 0.028703703703703703
2 0.2449074074074074 0.5152777777777777 0.010185185185185186 0.025
1 0.7597222222222222 0.44537037037037036 0.026851851851851852 0.037037037037037035
2 0.9495370370370371 0.5560185185185185 0.025 0.05092592592592592
2 0.7972222222222223 0.5199074074074074 0.009259259259259259 0.028703703703703703
2 0.2152777777777778 0.5152777777777777 0.012037037037037037 0.028703703703703703
2 0.9236111111111112 0.5425925925925926 0.010185185185185186 0.040740740740740744
2 0.8819444444444444 0.5398148148148149 0.017592592592592594 0.04259259259259259
0 0.46944444444444444 0.49444444444444446 0.06111111111111111 0.044444444444444446
2 0.9625 0.5439814814814815 0.010185185185185186 0.03981481481481482
2 0.8287037037037037 0.5259259259259259 0.014814814814814815 0.044444444444444446
0 0.6231481481481481 0.5013888888888889 0.02962962962962963 0.023148148148148147
0 0.6037037037037037 0.5018518518518519 0.020370370370370372 0.018518518518518517
0 0.5328703703703703 0.4976851851851852 0.025 0.025