2 0.3435185185185185 0.5064814814814815 0.007407407407407408 0.016666666666666666
2 0.32222222222222224 0.5069444444444444 0.011111111111111112 0.021296296296296296
2 0.2833333333333333 0.5078703703703704 0.011111111111111112 0.023148148148148147
1 0.7578703703703704 0.45601851851851855 0.023148148148148147 0.030555555555555555
0 0.5212962962962963 0.49212962962962964 0.04259259259259259 0.03425925925925926
2 0.8601851851851852 0.5375 0.012962962962962963 0.032407407407407406
0 0.6449074074074074 0.49907407407407406 0.03611111111111111 0.024074074074074074
2 0.1638888888888889 0.5125 0.009259259259259259 0.030555555555555555
2 0.8296296296296296 0.5300925925925926 0.011111111111111112 0.028703703703703703
2 0.1875 0.5097222222222222 0.010185185185185186 0.028703703703703703
2 0.8842592592592593 0.5337962962962963 0.009259259259259259 0.026851851851851852
2 0.799537037037037 0.5208333333333334 0.012037037037037037 0.030555555555555555
2 0.014814814814814815 0.5194444444444445 0.011111111111111112 0.03333333333333333
0 0.5601851851851852 0.49444444444444446 0.022222222222222223 0.024074074074074074
2 0.6958333333333333 0.5074074074074074 0.008333333333333333 0.012962962962962963
0 0.39166666666666666 0.49166666666666664 0.07592592592592592 0.03888888888888889