1 0.7564814814814815 0.45555555555555555 0.022222222222222223 0.03148148148148148
2 0.27685185185185185 0.5087962962962963 0.009259259259259259 0.021296296296296296
2 0.3175925925925926 0.5074074074074074 0.011111111111111112 0.018518518518518517
2 0.3388888888888889 0.5069444444444444 0.009259259259259259 0.017592592592592594
2 0.861574074074074 0.537962962962963 0.012037037037037037 0.03148148148148148
0 0.6430555555555556 0.4986111111111111 0.03796296296296296 0.025
2 0.15601851851851853 0.5120370370370371 0.010185185185185186 0.03148148148148148
2 0.18009259259259258 0.5097222222222222 0.010185185185185186 0.026851851851851852
2 0.799537037037037 0.5208333333333334 0.012037037037037037 0.030555555555555555
2 0.8310185185185185 0.5287037037037037 0.012037037037037037 0.03333333333333333
0 0.5189814814814815 0.49212962962962964 0.04537037037037037 0.03425925925925926
2 0.15648148148148147 0.5018518518518519 0.007407407407407408 0.014814814814814815
2 0.8861111111111111 0.5347222222222222 0.009259259259259259 0.025
0 0.3888888888888889 0.49166666666666664 0.08148148148148149 0.040740740740740744