0 0.36157407407407405 0.49212962962962964 0.1175925925925926 0.05092592592592592
2 0.14675925925925926 0.5175925925925926 0.013888888888888888 0.027777777777777776
2 0.24166666666666667 0.512962962962963 0.011111111111111112 0.022222222222222223
2 0.8782407407407408 0.5370370370370371 0.021296296296296296 0.044444444444444446
2 0.7953703703703704 0.5180555555555556 0.009259259259259259 0.028703703703703703
1 0.7583333333333333 0.44166666666666665 0.027777777777777776 0.037037037037037035
2 0.21064814814814814 0.5125 0.013888888888888888 0.028703703703703703
0 0.6199074074074075 0.4976851851851852 0.03425925925925926 0.023148148148148147
0 0.4638888888888889 0.49166666666666664 0.06111111111111111 0.044444444444444446
2 0.9638888888888889 0.5412037037037037 0.009259259259259259 0.03981481481481482
2 0.924074074074074 0.5407407407407407 0.009259259259259259 0.03888888888888889
0 0.5305555555555556 0.4935185185185185 0.025925925925925925 0.025925925925925925
2 0.8273148148148148 0.5217592592592593 0.013888888888888888 0.04351851851851852