0 0.35555555555555557 0.49537037037037035 0.11851851851851852 0.053703703703703705
2 0.11574074074074074 0.5217592592592593 0.014814814814814815 0.032407407407407406
0 0.45416666666666666 0.49398148148148147 0.06018518518518518 0.04537037037037037
2 0.2199074074074074 0.5185185185185185 0.010185185185185186 0.020370370370370372
2 0.799074074074074 0.5194444444444445 0.011111111111111112 0.03148148148148148
2 0.8361111111111111 0.5273148148148148 0.018518518518518517 0.04537037037037037
1 0.7592592592592593 0.44212962962962965 0.02962962962962963 0.03981481481481482
2 0.9787037037037037 0.5560185185185185 0.018518518518518517 0.05648148148148148
2 0.9425925925925925 0.5453703703703704 0.012962962962962963 0.04259259259259259
2 0.8962962962962963 0.5421296296296296 0.018518518518518517 0.04537037037037037
0 0.6175925925925926 0.500462962962963 0.02962962962962963 0.023148148148148147
2 0.19675925925925927 0.5097222222222222 0.010185185185185186 0.01574074074074074