0 0.375 0.49166666666666664 0.10925925925925926 0.044444444444444446
2 0.23425925925925925 0.5111111111111111 0.009259259259259259 0.024074074074074074
2 0.30648148148148147 0.5092592592592593 0.009259259259259259 0.018518518518518517
0 0.5013888888888889 0.49212962962962964 0.049074074074074076 0.03796296296296296
1 0.7601851851851852 0.4513888888888889 0.025925925925925925 0.032407407407407406
2 0.9138888888888889 0.5347222222222222 0.009259259259259259 0.03425925925925926
2 0.7888888888888889 0.5180555555555556 0.007407407407407408 0.026851851851851852
2 0.0875 0.5138888888888888 0.010185185185185186 0.037037037037037035
0 0.6370370370370371 0.49907407407407406 0.03518518518518519 0.024074074074074074
2 0.8930555555555556 0.5388888888888889 0.010185185185185186 0.046296296296296294
2 0.8486111111111111 0.5342592592592592 0.010185185185185186 0.03333333333333333
2 0.8824074074074074 0.5351851851851852 0.009259259259259259 0.03888888888888889
2 0.12037037037037036 0.5101851851851852 0.011111111111111112 0.027777777777777776
2 0.8111111111111111 0.5212962962962963 0.011111111111111112 0.03333333333333333
0 0.5509259259259259 0.49398148148148147 0.024074074074074074 0.025
2 0.8523148148148149 0.5162037037037037 0.010185185185185186 0.030555555555555555
2 0.28425925925925927 0.5097222222222222 0.012962962962962963 0.021296296296296296