2 0.925 0.5226851851851851 0.02962962962962963 0.058333333333333334
0 0.8601851851851852 0.5087962962962963 0.018518518518518517 0.03611111111111111
0 0.8379629629629629 0.4976851851851852 0.014814814814814815 0.028703703703703703
0 0.799537037037037 0.49166666666666664 0.012037037037037037 0.025925925925925925
0 0.7805555555555556 0.4861111111111111 0.009259259259259259 0.020370370370370372
0 0.7523148148148148 0.4810185185185185 0.012037037037037037 0.019444444444444445
0 0.7467592592592592 0.47824074074074074 0.008333333333333333 0.017592592592592594
0 0.736574074074074 0.4689814814814815 0.008333333333333333 0.021296296296296296
0 0.8453703703703703 0.48703703703703705 0.014814814814814815 0.03518518518518519
0 0.8601851851851852 0.4962962962962963 0.009259259259259259 0.018518518518518517
1 0.7236111111111111 0.4398148148148148 0.019444444444444445 0.022222222222222223
0 0.2953703703703704 0.48009259259259257 0.15925925925925927 0.11203703703703703
0 0.5703703703703704 0.46296296296296297 0.05925925925925926 0.024074074074074074
0 0.6666666666666666 0.4736111111111111 0.046296296296296294 0.041666666666666664
0 0.07731481481481481 0.475 0.14722222222222223 0.24259259259259258
2 0.861574074074074 0.5083333333333333 0.021296296296296296 0.040740740740740744