0 0.6615740740740741 0.45601851851851855 0.041666666666666664 0.03425925925925926
2 0.8532407407407407 0.4722222222222222 0.01574074074074074 0.03333333333333333
1 0.7180555555555556 0.4203703703703704 0.01574074074074074 0.020370370370370372
2 0.8041666666666667 0.4671296296296296 0.012037037037037037 0.028703703703703703
0 0.21435185185185185 0.4986111111111111 0.19166666666666668 0.13240740740740742
2 0.8814814814814815 0.48148148148148145 0.022222222222222223 0.037037037037037035
2 0.9680555555555556 0.49212962962962964 0.030555555555555555 0.06018518518518518
2 0.7847222222222222 0.46435185185185185 0.008333333333333333 0.019444444444444445
0 0.5393518518518519 0.45787037037037037 0.06759259259259259 0.026851851851851852
0 0.07222222222222222 0.49583333333333335 0.13148148148148148 0.05277777777777778
2 0.7546296296296297 0.46111111111111114 0.011111111111111112 0.018518518518518517
2 0.7328703703703704 0.45555555555555555 0.006481481481481481 0.018518518518518517