2 0.25092592592592594 0.5041666666666667 0.011111111111111112 0.021296296296296296
0 0.3939814814814815 0.48518518518518516 0.0787037037037037 0.05925925925925926
0 0.30972222222222223 0.487962962962963 0.09907407407407408 0.07037037037037037
2 0.11944444444444445 0.5060185185185185 0.007407407407407408 0.019444444444444445
2 0.10416666666666667 0.5208333333333334 0.010185185185185186 0.021296296296296296
2 0.050462962962962966 0.5175925925925926 0.012037037037037037 0.037037037037037035
1 0.7763888888888889 0.41388888888888886 0.03425925925925926 0.040740740740740744
2 0.9055555555555556 0.5314814814814814 0.018518518518518517 0.05185185185185185
2 0.8384259259259259 0.5162037037037037 0.008333333333333333 0.03981481481481482
0 0.6013888888888889 0.4888888888888889 0.030555555555555555 0.022222222222222223
2 0.0824074074074074 0.5092592592592593 0.012962962962962963 0.024074074074074074