1 0.7523148148148148 0.4587962962962963 0.021296296296296296 0.028703703703703703
0 0.5351851851851852 0.49027777777777776 0.03518518518518519 0.030555555555555555
0 0.6476851851851851 0.4976851851851852 0.03611111111111111 0.025
2 0.3726851851851852 0.5013888888888889 0.008333333333333333 0.017592592592592594
2 0.10740740740740741 0.5166666666666667 0.009259259259259259 0.016666666666666666
2 0.7856481481481481 0.5175925925925926 0.010185185185185186 0.025925925925925925
2 0.32222222222222224 0.5041666666666667 0.011111111111111112 0.021296296296296296
2 0.3560185185185185 0.5013888888888889 0.010185185185185186 0.019444444444444445
2 0.8574074074074074 0.5268518518518519 0.009259259259259259 0.025925925925925925
0 0.5652777777777778 0.4935185185185185 0.023148148148148147 0.024074074074074074
2 0.8342592592592593 0.5291666666666667 0.011111111111111112 0.032407407407407406
2 0.8106481481481481 0.524537037037037 0.010185185185185186 0.028703703703703703
2 0.9449074074074074 0.5486111111111112 0.01574074074074074 0.04722222222222222
2 0.225 0.5060185185185185 0.011111111111111112 0.026851851851851852
2 0.24351851851851852 0.5013888888888889 0.007407407407407408 0.021296296296296296
0 0.39166666666666666 0.487962962962963 0.07037037037037037 0.037037037037037035
2 0.4888888888888889 0.4981481481481482 0.005555555555555556 0.011111111111111112