2 0.16064814814814815 0.5402777777777777 0.010185185185185186 0.026851851851851852
2 0.9226851851851852 0.5310185185185186 0.021296296296296296 0.041666666666666664
1 0.7282407407407407 0.462037037037037 0.017592592592592594 0.022222222222222223
0 0.562037037037037 0.49537037037037035 0.027777777777777776 0.025925925925925925
2 0.11296296296296296 0.5476851851851852 0.012962962962962963 0.023148148148148147
2 0.7731481481481481 0.5078703703703704 0.009259259259259259 0.025
2 0.9898148148148148 0.5504629629629629 0.018518518518518517 0.05092592592592592
0 0.6620370370370371 0.49722222222222223 0.037037037037037035 0.02962962962962963
2 0.2689814814814815 0.5291666666666667 0.008333333333333333 0.019444444444444445
2 0.8143518518518519 0.513425925925926 0.008333333333333333 0.025
2 0.8467592592592592 0.5199074074074074 0.013888888888888888 0.03611111111111111
2 0.7615740740740741 0.5060185185185185 0.008333333333333333 0.021296296296296296
2 0.23333333333333334 0.5319444444444444 0.007407407407407408 0.023148148148148147
2 0.43657407407407406 0.5115740740740741 0.006481481481481481 0.013888888888888888
2 0.7453703703703703 0.5023148148148148 0.009259259259259259 0.021296296296296296
2 0.12222222222222222 0.5337962962962963 0.011111111111111112 0.023148148148148147
2 0.13657407407407407 0.5342592592592592 0.019444444444444445 0.025925925925925925