0 0.3787037037037037 0.49074074074074076 0.1037037037037037 0.04259259259259259
0 0.5083333333333333 0.49212962962962964 0.05185185185185185 0.03611111111111111
2 0.31712962962962965 0.5078703703703704 0.008333333333333333 0.019444444444444445
1 0.7583333333333333 0.4532407407407407 0.024074074074074074 0.032407407407407406
2 0.1125 0.5125 0.010185185185185186 0.03425925925925926
2 0.24953703703703703 0.5087962962962963 0.010185185185185186 0.025
2 0.7851851851851852 0.5171296296296296 0.007407407407407408 0.026851851851851852
2 0.8805555555555555 0.5416666666666666 0.009259259259259259 0.03333333333333333
0 0.638425925925926 0.49907407407407406 0.03611111111111111 0.024074074074074074
2 0.8060185185185185 0.5208333333333334 0.010185185185185186 0.03425925925925926
2 0.9027777777777778 0.5351851851851852 0.009259259259259259 0.02962962962962963
2 0.2935185185185185 0.5087962962962963 0.012962962962962963 0.019444444444444445
2 0.8412037037037037 0.5328703703703703 0.010185185185185186 0.032407407407407406
2 0.8726851851851852 0.5351851851851852 0.008333333333333333 0.02962962962962963
0 0.5527777777777778 0.4949074074074074 0.024074074074074074 0.025
2 0.1425925925925926 0.5097222222222222 0.011111111111111112 0.028703703703703703