2 0.8574074074074074 0.46435185185185185 0.016666666666666666 0.03611111111111111
0 0.6597222222222222 0.45601851851851855 0.041666666666666664 0.03425925925925926
1 0.7162037037037037 0.4185185185185185 0.01574074074074074 0.020370370370370372
2 0.8912037037037037 0.4726851851851852 0.021296296296296296 0.04537037037037037
0 0.18287037037037038 0.5185185185185185 0.21388888888888888 0.14814814814814814
2 0.8083333333333333 0.4634259259259259 0.011111111111111112 0.028703703703703703
2 0.7865740740740741 0.46064814814814814 0.008333333333333333 0.023148148148148147
0 0.05092592592592592 0.5106481481481482 0.09814814814814815 0.041666666666666664
0 0.5370370370370371 0.4625 0.08333333333333333 0.028703703703703703
2 0.7550925925925925 0.45787037037037037 0.008333333333333333 0.019444444444444445
2 0.9833333333333333 0.4810185185185185 0.02962962962962963 0.06759259259259259
2 0.7319444444444444 0.45416666666666666 0.006481481481481481 0.017592592592592594
2 0.7481481481481481 0.45787037037037037 0.009259259259259259 0.017592592592592594