0 0.38333333333333336 0.49166666666666664 0.09259259259259259 0.04259259259259259
2 0.3037037037037037 0.5083333333333333 0.009259259259259259 0.018518518518518517
2 0.2601851851851852 0.5101851851851852 0.009259259259259259 0.022222222222222223
1 0.7583333333333333 0.45416666666666666 0.024074074074074074 0.032407407407407406
2 0.32592592592592595 0.5083333333333333 0.007407407407407408 0.018518518518518517
0 0.5138888888888888 0.4925925925925926 0.05 0.03518518518518519
2 0.1300925925925926 0.5143518518518518 0.010185185185185186 0.032407407407407406
2 0.15648148148148147 0.5106481481481482 0.009259259259259259 0.026851851851851852
2 0.8962962962962963 0.5375 0.007407407407407408 0.023148148148148147
2 0.7837962962962963 0.5185185185185185 0.006481481481481481 0.024074074074074074
2 0.8731481481481481 0.5412037037037037 0.011111111111111112 0.032407407407407406
0 0.6407407407407407 0.49907407407407406 0.037037037037037035 0.024074074074074074
2 0.837037037037037 0.5333333333333333 0.011111111111111112 0.02962962962962963
0 0.5555555555555556 0.4949074074074074 0.022222222222222223 0.023148148148148147
2 0.8037037037037037 0.5208333333333334 0.012962962962962963 0.03611111111111111
2 0.022222222222222223 0.5287037037037037 0.007407407407407408 0.012962962962962963
2 0.12962962962962962 0.5032407407407408 0.007407407407407408 0.01574074074074074
2 0.687037037037037 0.5055555555555555 0.007407407407407408 0.012962962962962963