1 0.7203703703703703 0.4203703703703704 0.014814814814814815 0.018518518518518517
0 0.5476851851851852 0.4546296296296296 0.075 0.027777777777777776
0 0.2273148148148148 0.4898148148148148 0.18611111111111112 0.1259259259259259
2 0.8046296296296296 0.4671296296296296 0.012962962962962963 0.032407407407407406
2 0.8787037037037037 0.4842592592592593 0.020370370370370372 0.040740740740740744
2 0.962037037037037 0.49583333333333335 0.02962962962962963 0.058333333333333334
0 0.663425925925926 0.45601851851851855 0.041666666666666664 0.03425925925925926
2 0.7851851851851852 0.46574074074074073 0.009259259259259259 0.022222222222222223
2 0.8518518518518519 0.47453703703703703 0.016666666666666666 0.03425925925925926
0 0.08055555555555556 0.4837962962962963 0.13703703703703704 0.049074074074074076
2 0.7569444444444444 0.4615740740740741 0.008333333333333333 0.017592592592592594