1 0.7138888888888889 0.43148148148148147 0.016666666666666666 0.020370370370370372
2 0.899074074074074 0.49444444444444446 0.018518518518518517 0.040740740740740744
0 0.6564814814814814 0.46944444444444444 0.040740740740740744 0.03333333333333333
2 0.8087962962962963 0.48055555555555557 0.010185185185185186 0.025925925925925925
2 0.862037037037037 0.4810185185185185 0.014814814814814815 0.03796296296296296
0 0.13055555555555556 0.5310185185185186 0.24444444444444444 0.16018518518518518
2 0.7856481481481481 0.475 0.008333333333333333 0.020370370370370372
2 0.7546296296296297 0.4726851851851852 0.007407407407407408 0.019444444444444445
0 0.513425925925926 0.4773148148148148 0.0712962962962963 0.026851851851851852
2 0.7444444444444445 0.47314814814814815 0.007407407407407408 0.016666666666666666
2 0.7291666666666666 0.4685185185185185 0.006481481481481481 0.016666666666666666
0 0.5643518518518519 0.4699074074074074 0.030555555555555555 0.023148148148148147
0 0.6300925925925925 0.4689814814814815 0.017592592592592594 0.01574074074074074