1 0.725 0.4273148148148148 0.014814814814814815 0.019444444444444445
2 0.8486111111111111 0.4875 0.013888888888888888 0.028703703703703703
0 0.6680555555555555 0.4601851851851852 0.041666666666666664 0.03333333333333333
2 0.9458333333333333 0.5092592592592593 0.028703703703703703 0.05740740740740741
2 0.8731481481481481 0.4962962962962963 0.018518518518518517 0.040740740740740744
0 0.5611111111111111 0.4537037037037037 0.06666666666666667 0.025925925925925925
0 0.2574074074074074 0.4736111111111111 0.1685185185185185 0.11574074074074074
2 0.8050925925925926 0.4787037037037037 0.010185185185185186 0.027777777777777776
2 0.7856481481481481 0.475462962962963 0.008333333333333333 0.021296296296296296
2 0.7578703703703704 0.4699074074074074 0.008333333333333333 0.019444444444444445
0 0.09675925925925925 0.4625 0.13240740740740742 0.04722222222222222
2 0.7509259259259259 0.4671296296296296 0.009259259259259259 0.017592592592592594
2 0.7388888888888889 0.46111111111111114 0.007407407407407408 0.020370370370370372