1 0.7148148148148148 0.42268518518518516 0.016666666666666666 0.019444444444444445
2 0.888425925925926 0.48194444444444445 0.021296296296296296 0.041666666666666664
2 0.8060185185185185 0.46944444444444444 0.012037037037037037 0.027777777777777776
2 0.8569444444444444 0.4722222222222222 0.017592592592592594 0.03518518518518519
0 0.18888888888888888 0.5203703703703704 0.20925925925925926 0.14444444444444443
2 0.7532407407407408 0.4634259259259259 0.012037037037037037 0.019444444444444445
0 0.6592592592592592 0.46111111111111114 0.040740740740740744 0.03333333333333333
2 0.9800925925925926 0.48935185185185187 0.032407407407407406 0.06574074074074074
0 0.5268518518518519 0.46805555555555556 0.06481481481481481 0.026851851851851852
2 0.7851851851851852 0.46574074074074073 0.009259259259259259 0.020370370370370372
0 0.05416666666666667 0.5194444444444445 0.10462962962962963 0.05555555555555555