2 0.30462962962962964 0.5055555555555555 0.009259259259259259 0.020370370370370372
1 0.7546296296296297 0.45555555555555555 0.022222222222222223 0.02962962962962963
0 0.6458333333333334 0.49722222222222223 0.03611111111111111 0.024074074074074074
2 0.3592592592592593 0.5032407407407408 0.007407407407407408 0.017592592592592594
0 0.5291666666666667 0.4898148148148148 0.03796296296296296 0.03148148148148148
2 0.34120370370370373 0.5023148148148148 0.010185185185185186 0.021296296296296296
2 0.8435185185185186 0.5310185185185186 0.018518518518518517 0.03425925925925926
2 0.7907407407407407 0.5180555555555556 0.011111111111111112 0.026851851851851852
2 0.19768518518518519 0.5083333333333333 0.010185185185185186 0.027777777777777776
2 0.8194444444444444 0.525 0.012962962962962963 0.03148148148148148
2 0.8689814814814815 0.5305555555555556 0.008333333333333333 0.022222222222222223
0 0.399537037037037 0.4888888888888889 0.058333333333333334 0.03518518518518519
0 0.562037037037037 0.4930555555555556 0.022222222222222223 0.025
2 0.21851851851851853 0.5050925925925925 0.009259259259259259 0.025
2 0.9763888888888889 0.5532407407407407 0.01574074074074074 0.049074074074074076
2 0.774074074074074 0.5115740740740741 0.009259259259259259 0.026851851851851852