0 0.3819444444444444 0.49212962962962964 0.09537037037037037 0.04351851851851852
2 0.2550925925925926 0.5106481481481482 0.010185185185185186 0.023148148148148147
2 0.29907407407407405 0.5087962962962963 0.011111111111111112 0.021296296296296296
1 0.7578703703703704 0.45416666666666666 0.025 0.032407407407407406
2 0.12083333333333333 0.5148148148148148 0.010185185185185186 0.03148148148148148
2 0.3212962962962963 0.5083333333333333 0.007407407407407408 0.018518518518518517
0 0.5106481481481482 0.4930555555555556 0.049074074074074076 0.03611111111111111
2 0.8986111111111111 0.538425925925926 0.008333333333333333 0.023148148148148147
2 0.7847222222222222 0.5203703703703704 0.006481481481481481 0.022222222222222223
0 0.638425925925926 0.49953703703703706 0.03611111111111111 0.025
2 0.14953703703703702 0.5092592592592593 0.012037037037037037 0.025925925925925925
2 0.8388888888888889 0.5356481481481481 0.009259259259259259 0.025
2 0.8740740740740741 0.5425925925925926 0.012962962962962963 0.02962962962962963
2 0.8041666666666667 0.5203703703703704 0.012037037037037037 0.037037037037037035
0 0.5537037037037037 0.49444444444444446 0.024074074074074074 0.024074074074074074
2 0.8421296296296297 0.5212962962962963 0.010185185185185186 0.040740740740740744
2 0.6851851851851852 0.5060185185185185 0.009259259259259259 0.012037037037037037