1 0.7277777777777777 0.4671296296296296 0.016666666666666666 0.019444444444444445
2 0.9560185185185185 0.5476851851851852 0.025 0.049074074074074076
2 0.19074074074074074 0.5407407407407407 0.011111111111111112 0.027777777777777776
2 0.8361111111111111 0.5259259259259259 0.012962962962962963 0.027777777777777776
2 0.14907407407407408 0.5472222222222223 0.011111111111111112 0.025925925925925925
2 0.9023148148148148 0.5342592592592592 0.021296296296296296 0.03518518518518519
0 0.6638888888888889 0.5027777777777778 0.03888888888888889 0.03148148148148148
2 0.8083333333333333 0.5166666666666667 0.009259259259259259 0.024074074074074074
2 0.7708333333333334 0.5125 0.008333333333333333 0.021296296296296296
2 0.42916666666666664 0.5166666666666667 0.008333333333333333 0.014814814814814815
0 0.03888888888888889 0.549537037037037 0.07777777777777778 0.19907407407407407
2 0.7592592592592593 0.5115740740740741 0.007407407407407408 0.019444444444444445
2 0.25601851851851853 0.5342592592592592 0.008333333333333333 0.022222222222222223
2 0.2875 0.5319444444444444 0.010185185185185186 0.019444444444444445
2 0.449537037037037 0.5148148148148148 0.010185185185185186 0.012962962962962963
2 0.788425925925926 0.5111111111111111 0.008333333333333333 0.014814814814814815
2 0.8805555555555555 0.5087962962962963 0.009259259259259259 0.012037037037037037
0 0.5712962962962963 0.49953703703703706 0.03518518518518519 0.023148148148148147