0 0.3597222222222222 0.4912037037037037 0.1175925925925926 0.05277777777777778
2 0.8009259259259259 0.5157407407407407 0.011111111111111112 0.03148148148148148
2 0.13333333333333333 0.5175925925925926 0.012962962962962963 0.02962962962962963
2 0.2324074074074074 0.513425925925926 0.009259259259259259 0.021296296296296296
0 0.4634259259259259 0.48935185185185187 0.062037037037037036 0.04537037037037037
1 0.7625 0.43796296296296294 0.028703703703703703 0.037037037037037035
0 0.6208333333333333 0.49583333333333335 0.032407407407407406 0.023148148148148147
2 0.8328703703703704 0.5236111111111111 0.021296296296296296 0.04351851851851852
2 0.8916666666666667 0.5370370370370371 0.020370370370370372 0.044444444444444446
2 0.937962962962963 0.537962962962963 0.011111111111111112 0.044444444444444446
2 0.9782407407407407 0.5402777777777777 0.012037037037037037 0.041666666666666664