2 0.26944444444444443 0.5097222222222222 0.011111111111111112 0.023148148148148147
2 0.33287037037037037 0.5083333333333333 0.008333333333333333 0.018518518518518517
1 0.7592592592592593 0.4546296296296296 0.024074074074074074 0.03148148148148148
2 0.1425925925925926 0.5148148148148148 0.011111111111111112 0.02962962962962963
2 0.8018518518518518 0.5268518518518519 0.011111111111111112 0.024074074074074074
0 0.6439814814814815 0.49953703703703706 0.03611111111111111 0.023148148148148147
2 0.7828703703703703 0.5185185185185185 0.008333333333333333 0.024074074074074074
2 0.8657407407407407 0.5393518518518519 0.022222222222222223 0.03611111111111111
2 0.8930555555555556 0.5375 0.008333333333333333 0.023148148148148147
2 0.31157407407407406 0.5069444444444444 0.012037037037037037 0.023148148148148147
0 0.5157407407407407 0.4925925925925926 0.046296296296296294 0.03518518518518519
2 0.16898148148148148 0.5101851851851852 0.010185185185185186 0.025925925925925925
0 0.5574074074074075 0.49537037037037035 0.024074074074074074 0.024074074074074074
2 0.8361111111111111 0.5300925925925926 0.011111111111111112 0.03611111111111111
2 0.44212962962962965 0.49953703703703706 0.006481481481481481 0.013888888888888888
0 0.3910277777777778 0.49430555555555555 0.0883148148148148 0.048435185185185185