0 0.3337962962962963 0.4925925925925926 0.10833333333333334 0.06111111111111111
2 0.9444444444444444 0.5430555555555555 0.025925925925925925 0.05462962962962963
2 0.028703703703703703 0.5259259259259259 0.022222222222222223 0.040740740740740744
2 0.8574074074074074 0.5212962962962963 0.024074074074074074 0.05555555555555555
2 0.8143518518518519 0.5171296296296296 0.008333333333333333 0.032407407407407406
1 0.763425925925926 0.42685185185185187 0.032407407407407406 0.040740740740740744
0 0.4217592592592593 0.49074074074074076 0.0712962962962963 0.053703703703703705
0 0.6027777777777777 0.49444444444444446 0.03518518518518519 0.022222222222222223
2 0.27824074074074073 0.5055555555555555 0.010185185185185186 0.027777777777777776
2 0.11805555555555555 0.5189814814814815 0.01574074074074074 0.03425925925925926
2 0.8680555555555556 0.5041666666666667 0.012037037037037037 0.028703703703703703
2 0.6611111111111111 0.5013888888888889 0.007407407407407408 0.012037037037037037
2 0.13240740740740742 0.5083333333333333 0.009259259259259259 0.024074074074074074
0 0.5138888888888888 0.49166666666666664 0.025925925925925925 0.025925925925925925