2 0.3638888888888889 0.5037037037037037 0.007407407407407408 0.014814814814814815
2 0.30972222222222223 0.5050925925925925 0.010185185185185186 0.021296296296296296
2 0.3449074074074074 0.5032407407407408 0.008333333333333333 0.017592592592592594
1 0.7527777777777778 0.4564814814814815 0.022222222222222223 0.02962962962962963
0 0.6449074074074074 0.49722222222222223 0.03611111111111111 0.024074074074074074
2 0.7888888888888889 0.5203703703703704 0.011111111111111112 0.025925925925925925
2 0.8412037037037037 0.5324074074074074 0.010185185185185186 0.02962962962962963
2 0.8162037037037037 0.5263888888888889 0.010185185185185186 0.026851851851851852
2 0.8652777777777778 0.5291666666666667 0.008333333333333333 0.023148148148148147
2 0.20555555555555555 0.5069444444444444 0.009259259259259259 0.026851851851851852
2 0.3537037037037037 0.5050925925925925 0.007407407407407408 0.013888888888888888
2 0.07824074074074074 0.5185185185185185 0.008333333333333333 0.012962962962962963
0 0.5310185185185186 0.49027777777777776 0.03981481481481482 0.032407407407407406
0 0.3888888888888889 0.4888888888888889 0.07592592592592592 0.037037037037037035
0 0.562037037037037 0.4930555555555556 0.022222222222222223 0.025
2 0.22546296296296298 0.5050925925925925 0.008333333333333333 0.021296296296296296
2 0.9694444444444444 0.5601851851851852 0.03333333333333333 0.05555555555555555
2 0.48009259259259257 0.4981481481481482 0.008333333333333333 0.011111111111111112