2 0.3490740740740741 0.5060185185185185 0.007407407407407408 0.01574074074074074
1 0.7560185185185185 0.45601851851851855 0.023148148148148147 0.030555555555555555
2 0.2902777777777778 0.5069444444444444 0.010185185185185186 0.021296296296296296
2 0.3296296296296296 0.5055555555555555 0.009259259259259259 0.018518518518518517
2 0.17546296296296296 0.5106481481481482 0.008333333333333333 0.028703703703703703
0 0.5231481481481481 0.4912037037037037 0.03888888888888889 0.032407407407407406
2 0.034722222222222224 0.5171296296296296 0.010185185185185186 0.032407407407407406
0 0.6458333333333334 0.4981481481481482 0.03796296296296296 0.024074074074074074
2 0.1986111111111111 0.5101851851851852 0.008333333333333333 0.025925925925925925
0 0.39351851851851855 0.49027777777777776 0.07037037037037037 0.03796296296296296
2 0.8532407407407407 0.5356481481481481 0.012037037037037037 0.032407407407407406
2 0.825 0.5277777777777778 0.009259259259259259 0.027777777777777776
0 0.5601851851851852 0.49398148148148147 0.024074074074074074 0.025
2 0.7962962962962963 0.5194444444444445 0.011111111111111112 0.02962962962962963
2 0.7763888888888889 0.5138888888888888 0.010185185185185186 0.027777777777777776
2 0.875462962962963 0.5087962962962963 0.006481481481481481 0.008333333333333333
2 0.687962962962963 0.5064814814814815 0.009259259259259259 0.011111111111111112