2 0.25 0.5037037037037037 0.011111111111111112 0.022222222222222223
2 0.11805555555555555 0.5050925925925925 0.008333333333333333 0.019444444444444445
2 0.10185185185185185 0.5203703703703704 0.011111111111111112 0.022222222222222223
2 0.9092592592592592 0.5259259259259259 0.024074074074074074 0.06481481481481481
2 0.07962962962962963 0.5097222222222222 0.012962962962962963 0.025
1 0.7787037037037037 0.4152777777777778 0.03518518518518519 0.04722222222222222
0 0.3087962962962963 0.48657407407407405 0.09722222222222222 0.0712962962962963
0 0.39305555555555555 0.4847222222222222 0.0787037037037037 0.06018518518518518
2 0.8412037037037037 0.5166666666666667 0.010185185185185186 0.03888888888888889
2 0.046296296296296294 0.5171296296296296 0.014814814814814815 0.03796296296296296
0 0.5995370370370371 0.48703703703703705 0.03796296296296296 0.022222222222222223
2 0.8074074074074075 0.49907407407407406 0.009259259259259259 0.02962962962962963