2 0.2064814814814815 0.5152777777777777 0.012962962962962963 0.026851851851851852
0 0.37222222222222223 0.4935185185185185 0.11666666666666667 0.046296296296296294
2 0.28564814814814815 0.5120370370370371 0.008333333333333333 0.020370370370370372
2 0.25833333333333336 0.5097222222222222 0.012962962962962963 0.026851851851851852
1 0.7606481481481482 0.45046296296296295 0.026851851851851852 0.03611111111111111
0 0.48935185185185187 0.4935185185185185 0.05277777777777778 0.03888888888888889
0 0.6314814814814815 0.500462962962963 0.03518518518518519 0.023148148148148147
2 0.08009259259259259 0.5148148148148148 0.012037037037037037 0.02962962962962963
2 0.8175925925925925 0.5277777777777778 0.012962962962962963 0.03148148148148148
2 0.7912037037037037 0.5212962962962963 0.010185185185185186 0.02962962962962963
2 0.8958333333333334 0.5407407407407407 0.010185185185185186 0.03148148148148148
2 0.8587962962962963 0.5398148148148149 0.013888888888888888 0.03148148148148148
2 0.03935185185185185 0.5208333333333334 0.010185185185185186 0.03796296296296296
2 0.9300925925925926 0.5407407407407407 0.010185185185185186 0.03148148148148148
2 0.9111111111111111 0.5476851851851852 0.011111111111111112 0.03796296296296296
0 0.5444444444444444 0.4962962962962963 0.025925925925925925 0.025925925925925925