2 0.1925925925925926 0.5162037037037037 0.012962962962962963 0.026851851851851852
2 0.24675925925925926 0.5111111111111111 0.012037037037037037 0.025925925925925925
1 0.7597222222222222 0.4476851851851852 0.026851851851851852 0.03425925925925926
0 0.48518518518518516 0.4930555555555556 0.053703703703703705 0.03981481481481482
0 0.3712962962962963 0.4930555555555556 0.11666666666666667 0.04722222222222222
2 0.275 0.5111111111111111 0.007407407407407408 0.024074074074074074
2 0.016666666666666666 0.5231481481481481 0.012962962962962963 0.037037037037037035
2 0.7930555555555555 0.5203703703703704 0.010185185185185186 0.027777777777777776
2 0.05925925925925926 0.5157407407407407 0.011111111111111112 0.02962962962962963
2 0.8662037037037037 0.5370370370370371 0.013888888888888888 0.03333333333333333
0 0.6314814814814815 0.49907407407407406 0.02962962962962963 0.022222222222222223
0 0.5421296296296296 0.49537037037037035 0.025 0.025925925925925925
2 0.8203703703703704 0.5263888888888889 0.011111111111111112 0.032407407407407406
2 0.9041666666666667 0.5393518518518519 0.010185185185185186 0.03425925925925926
2 0.9384259259259259 0.5393518518518519 0.010185185185185186 0.03425925925925926
2 0.9212962962962963 0.5453703703703704 0.011111111111111112 0.04259259259259259
2 0.6773148148148148 0.5064814814814815 0.010185185185185186 0.011111111111111112