1 0.7143518518518519 0.42824074074074076 0.01574074074074074 0.019444444444444445
2 0.8939814814814815 0.4847222222222222 0.021296296296296296 0.04351851851851852
0 0.16805555555555557 0.5347222222222222 0.225 0.1527777777777778
0 0.6587962962962963 0.4671296296296296 0.041666666666666664 0.03425925925925926
2 0.8078703703703703 0.4726851851851852 0.013888888888888888 0.030555555555555555
2 0.8601851851851852 0.475462962962963 0.020370370370370372 0.03981481481481482
2 0.9884259259259259 0.49166666666666664 0.023148148148148147 0.06296296296296296
2 0.7861111111111111 0.4699074074074074 0.009259259259259259 0.021296296296296296
0 0.5222222222222223 0.47685185185185186 0.06666666666666667 0.025925925925925925
2 0.7541666666666667 0.4685185185185185 0.010185185185185186 0.020370370370370372
2 0.7462962962962963 0.4671296296296296 0.007407407407407408 0.017592592592592594
2 0.7319444444444444 0.4634259259259259 0.006481481481481481 0.017592592592592594
0 0.0412037037037037 0.5236111111111111 0.08055555555555556 0.03611111111111111
0 0.5662037037037037 0.46944444444444444 0.030555555555555555 0.022222222222222223