2 0.09675925925925925 0.549537037037037 0.012037037037037037 0.026851851851851852
2 0.14537037037037037 0.5421296296296296 0.011111111111111112 0.028703703703703703
1 0.7291666666666666 0.462037037037037 0.017592592592592594 0.022222222222222223
0 0.6611111111111111 0.4976851851851852 0.037037037037037035 0.028703703703703703
2 0.7754629629629629 0.5083333333333333 0.008333333333333333 0.025925925925925925
2 0.8180555555555555 0.5143518518518518 0.008333333333333333 0.025
2 0.25925925925925924 0.5300925925925926 0.009259259259259259 0.021296296296296296
2 0.4152777777777778 0.5143518518518518 0.008333333333333333 0.01574074074074074
0 0.5652777777777778 0.49583333333333335 0.03425925925925926 0.025
2 0.9351851851851852 0.5324074074074074 0.012962962962962963 0.040740740740740744
2 0.8527777777777777 0.5212962962962963 0.012962962962962963 0.037037037037037035
2 0.7638888888888888 0.5060185185185185 0.009259259259259259 0.021296296296296296
2 0.43472222222222223 0.5125 0.006481481481481481 0.012037037037037037
2 0.22361111111111112 0.5324074074074074 0.008333333333333333 0.024074074074074074
0 0.8935185185185185 0.5 0.044444444444444446 0.018518518518518517
0 0.4708333333333333 0.5032407407407408 0.03981481481481482 0.021296296296296296
2 0.7935185185185185 0.5055555555555555 0.007407407407407408 0.016666666666666666
2 0.7462962962962963 0.5027777777777778 0.009259259259259259 0.018518518518518517
0 0.638425925925926 0.49953703703703706 0.012037037037037037 0.012037037037037037