0 0.37824074074074077 0.49212962962962964 0.10648148148148148 0.04351851851851852
2 0.24537037037037038 0.5111111111111111 0.011111111111111112 0.024074074074074074
0 0.5064814814814815 0.4930555555555556 0.04814814814814815 0.03611111111111111
2 0.2912037037037037 0.5097222222222222 0.010185185185185186 0.021296296296296296
2 0.3143518518518518 0.5097222222222222 0.008333333333333333 0.019444444444444445
1 0.7592592592592593 0.4532407407407407 0.024074074074074074 0.032407407407407406
0 0.6375 0.49907407407407406 0.03611111111111111 0.024074074074074074
2 0.1050925925925926 0.5157407407407407 0.010185185185185186 0.03333333333333333
2 0.7870370370370371 0.5180555555555556 0.007407407407407408 0.025
2 0.8828703703703704 0.5435185185185185 0.023148148148148147 0.037037037037037035
2 0.8449074074074074 0.5296296296296297 0.012037037037037037 0.03888888888888889
2 0.8087962962962963 0.5212962962962963 0.010185185185185186 0.03518518518518519
2 0.13703703703703704 0.5101851851851852 0.011111111111111112 0.027777777777777776
2 0.9064814814814814 0.538425925925926 0.009259259259259259 0.025
0 0.5527777777777778 0.4949074074074074 0.024074074074074074 0.025