2 0.32546296296296295 0.5041666666666667 0.010185185185185186 0.021296296296296296
1 0.7481481481481481 0.4597222222222222 0.022222222222222223 0.028703703703703703
2 0.8041666666666667 0.524537037037037 0.012037037037037037 0.028703703703703703
0 0.5337962962962963 0.49074074074074076 0.03611111111111111 0.02962962962962963
2 0.8495370370370371 0.5296296296296297 0.008333333333333333 0.020370370370370372
2 0.8263888888888888 0.5314814814814814 0.010185185185185186 0.027777777777777776
0 0.6453703703703704 0.4976851851851852 0.03518518518518519 0.025
2 0.7800925925925926 0.5189814814814815 0.010185185185185186 0.025
0 0.562962962962963 0.4935185185185185 0.022222222222222223 0.024074074074074074
2 0.3592592592592593 0.5009259259259259 0.009259259259259259 0.020370370370370372
2 0.011574074074074073 0.5143518518518518 0.010185185185185186 0.03796296296296296
2 0.3731481481481482 0.5027777777777778 0.009259259259259259 0.016666666666666666
2 0.23148148148148148 0.5060185185185185 0.007407407407407408 0.025
2 0.12037037037037036 0.5152777777777777 0.009259259259259259 0.012037037037037037
2 0.9310185185185185 0.5476851851851852 0.01574074074074074 0.04537037037037037
2 0.24861111111111112 0.5018518518518519 0.008333333333333333 0.022222222222222223
0 0.38657407407407407 0.48935185185185187 0.06388888888888888 0.03425925925925926
2 0.46435185185185185 0.49675925925925923 0.006481481481481481 0.010185185185185186
2 0.8541666666666666 0.5046296296296297 0.008333333333333333 0.014814814814814815
2 0.48703703703703705 0.49907407407407406 0.005555555555555556 0.011111111111111112