2 0.3375 0.5074074074074074 0.008333333333333333 0.016666666666666666
2 0.27546296296296297 0.5087962962962963 0.010185185185185186 0.021296296296296296
1 0.7569444444444444 0.4550925925925926 0.023148148148148147 0.030555555555555555
2 0.3175925925925926 0.5074074074074074 0.011111111111111112 0.020370370370370372
2 0.888425925925926 0.5342592592592592 0.008333333333333333 0.024074074074074074
0 0.6430555555555556 0.4986111111111111 0.03796296296296296 0.025
2 0.8324074074074074 0.5300925925925926 0.011111111111111112 0.028703703703703703
2 0.8643518518518518 0.5398148148148149 0.010185185185185186 0.027777777777777776
2 0.8004629629629629 0.5217592592592593 0.012037037037037037 0.030555555555555555
2 0.15324074074074073 0.512962962962963 0.010185185185185186 0.03148148148148148
2 0.17777777777777778 0.5083333333333333 0.011111111111111112 0.025925925925925925
0 0.5194444444444445 0.49212962962962964 0.04814814814814815 0.03425925925925926
0 0.5578703703703703 0.49444444444444446 0.023148148148148147 0.024074074074074074
0 0.38935185185185184 0.4912037037037037 0.0824074074074074 0.03981481481481482