2 0.9273148148148148 0.5268518518518519 0.019444444444444445 0.044444444444444446
1 0.7296296296296296 0.45925925925925926 0.016666666666666666 0.022222222222222223
2 0.15555555555555556 0.5388888888888889 0.009259259259259259 0.027777777777777776
2 0.8171296296296297 0.5115740740740741 0.008333333333333333 0.026851851851851852
2 0.10694444444444444 0.5416666666666666 0.010185185185185186 0.02962962962962963
0 0.6638888888888889 0.4949074074074074 0.03888888888888889 0.028703703703703703
2 0.775 0.5046296296296297 0.009259259259259259 0.025925925925925925
2 0.2662037037037037 0.5268518518518519 0.008333333333333333 0.020370370370370372
0 0.5675925925925925 0.4925925925925926 0.037037037037037035 0.025925925925925925
2 0.2310185185185185 0.5291666666666667 0.006481481481481481 0.023148148148148147
2 0.8518518518518519 0.5180555555555556 0.011111111111111112 0.03611111111111111
2 0.9976851851851852 0.5546296296296296 0.004629629629629629 0.037037037037037035
2 0.4375 0.5083333333333333 0.006481481481481481 0.014814814814814815
2 0.41944444444444445 0.5097222222222222 0.007407407407407408 0.01574074074074074
2 0.7467592592592592 0.49907407407407406 0.008333333333333333 0.022222222222222223
0 0.47638888888888886 0.500462962962963 0.041666666666666664 0.021296296296296296
0 0.6388888888888888 0.49583333333333335 0.014814814814814815 0.013888888888888888
0 0.8916666666666667 0.49722222222222223 0.044444444444444446 0.018518518518518517
2 0.7652777777777777 0.5037037037037037 0.010185185185185186 0.020370370370370372
2 0.7921296296296296 0.5 0.008333333333333333 0.020370370370370372
2 0.13333333333333333 0.5314814814814814 0.020370370370370372 0.025925925925925925