0 0.36064814814814816 0.4949074074074074 0.11944444444444445 0.05277777777777778
2 0.13518518518518519 0.5212962962962963 0.012962962962962963 0.02962962962962963
2 0.23333333333333334 0.5171296296296296 0.009259259259259259 0.023148148148148147
0 0.4601851851851852 0.49444444444444446 0.06111111111111111 0.044444444444444446
1 0.7597222222222222 0.44351851851851853 0.026851851851851852 0.037037037037037035
0 0.6189814814814815 0.5013888888888889 0.03425925925925926 0.023148148148148147
2 0.8328703703703704 0.5263888888888889 0.01574074074074074 0.04722222222222222
2 0.9337962962962963 0.5425925925925926 0.012037037037037037 0.046296296296296294
2 0.7986111111111112 0.5180555555555556 0.010185185185185186 0.03425925925925926
2 0.8898148148148148 0.5412037037037037 0.016666666666666666 0.04537037037037037
2 0.9634259259259259 0.5527777777777778 0.013888888888888888 0.05555555555555555
2 0.9740740740740741 0.5458333333333333 0.011111111111111112 0.041666666666666664
2 0.2037037037037037 0.5148148148148148 0.014814814814814815 0.02962962962962963