1 0.7199074074074074 0.4222222222222222 0.01574074074074074 0.018518518518518517
0 0.6625 0.45694444444444443 0.041666666666666664 0.03425925925925926
0 0.2324074074074074 0.4861111111111111 0.1814814814814815 0.12407407407407407
2 0.9569444444444445 0.49953703703703706 0.030555555555555555 0.058333333333333334
2 0.8486111111111111 0.475462962962963 0.017592592592592594 0.03425925925925926
2 0.8037037037037037 0.4703703703703704 0.012962962962962963 0.03148148148148148
0 0.549537037037037 0.4550925925925926 0.075 0.026851851851851852
2 0.875462962962963 0.48703703703703705 0.021296296296296296 0.040740740740740744
2 0.7824074074074074 0.46620370370370373 0.009259259259259259 0.021296296296296296
2 0.7523148148148148 0.4638888888888889 0.013888888888888888 0.018518518518518517
0 0.07546296296296297 0.48009259259259257 0.14537037037037037 0.05092592592592592