2 0.1527777777777778 0.5416666666666666 0.009259259259259259 0.024074074074074074
2 0.1037037037037037 0.5449074074074074 0.009259259259259259 0.026851851851851852
1 0.7287037037037037 0.4601851851851852 0.016666666666666666 0.022222222222222223
0 0.6620370370370371 0.49537037037037035 0.03888888888888889 0.02962962962962963
2 0.9300925925925926 0.5291666666666667 0.023148148148148147 0.04537037037037037
2 0.8175925925925925 0.5125 0.007407407407407408 0.026851851851851852
2 0.774537037037037 0.5064814814814815 0.008333333333333333 0.025925925925925925
2 0.2638888888888889 0.5282407407407408 0.007407407407407408 0.021296296296296296
0 0.5657407407407408 0.49398148148148147 0.03518518518518519 0.025
2 0.8523148148148149 0.5194444444444445 0.010185185185185186 0.037037037037037035
2 0.22870370370370371 0.5300925925925926 0.007407407407407408 0.023148148148148147
2 0.43657407407407406 0.5106481481481482 0.006481481481481481 0.013888888888888888
2 0.7638888888888888 0.5041666666666667 0.009259259259259259 0.021296296296296296
2 0.7944444444444444 0.5046296296296297 0.014814814814814815 0.018518518518518517
0 0.637962962962963 0.49722222222222223 0.014814814814814815 0.012962962962962963
2 0.7467592592592592 0.5 0.008333333333333333 0.022222222222222223
0 0.4736111111111111 0.5013888888888889 0.041666666666666664 0.021296296296296296
2 0.11481481481481481 0.5328703703703703 0.012962962962962963 0.023148148148148147