2 0.8699074074074075 0.5236111111111111 0.025 0.05648148148148148
0 0.3296296296296296 0.49074074074074076 0.1111111111111111 0.06296296296296296
2 0.9555555555555556 0.5435185185185185 0.03333333333333333 0.05925925925925926
2 0.27314814814814814 0.5060185185185185 0.009259259259259259 0.023148148148148147
2 0.012037037037037037 0.5259259259259259 0.022222222222222223 0.040740740740740744
1 0.7662037037037037 0.42268518518518516 0.032407407407407406 0.03981481481481482
2 0.8185185185185185 0.5152777777777777 0.009259259259259259 0.03611111111111111
0 0.6037037037037037 0.4925925925925926 0.03518518518518519 0.022222222222222223
0 0.4185185185185185 0.4888888888888889 0.07407407407407407 0.053703703703703705
2 0.6615740740740741 0.49953703703703706 0.008333333333333333 0.012037037037037037
2 0.10694444444444444 0.5152777777777777 0.01574074074074074 0.03981481481481482
2 0.7944444444444444 0.5027777777777778 0.009259259259259259 0.027777777777777776
0 0.5138888888888888 0.4888888888888889 0.025925925925925925 0.025925925925925925
2 0.12453703703703704 0.5106481481481482 0.012037037037037037 0.025