1 0.7217592592592592 0.449537037037037 0.01574074074074074 0.019444444444444445
0 0.6615740740740741 0.4847222222222222 0.03981481481481482 0.032407407407407406
2 0.9185185185185185 0.5231481481481481 0.022222222222222223 0.044444444444444446
2 0.8773148148148148 0.5106481481481482 0.017592592592592594 0.03425925925925926
2 0.7611111111111111 0.4930555555555556 0.009259259259259259 0.021296296296296296
2 0.8199074074074074 0.5041666666666667 0.013888888888888888 0.030555555555555555
2 0.7949074074074074 0.4962962962962963 0.008333333333333333 0.020370370370370372
0 0.10416666666666667 0.525 0.20833333333333334 0.17407407407407408
0 0.5027777777777778 0.48564814814814816 0.07407407407407407 0.026851851851851852
0 0.5680555555555555 0.48148148148148145 0.03611111111111111 0.024074074074074074
2 0.7509259259259259 0.4912037037037037 0.009259259259259259 0.017592592592592594
0 0.8685185185185185 0.4847222222222222 0.02962962962962963 0.017592592592592594