0 0.37962962962962965 0.49074074074074076 0.09814814814814815 0.04259259259259259
2 0.3194444444444444 0.5074074074074074 0.009259259259259259 0.018518518518518517
2 0.2518518518518518 0.5097222222222222 0.011111111111111112 0.023148148148148147
2 0.29583333333333334 0.5083333333333333 0.010185185185185186 0.020370370370370372
1 0.7578703703703704 0.4532407407407407 0.025 0.032407407407407406
0 0.5083333333333333 0.49212962962962964 0.04814814814814815 0.03611111111111111
2 0.1175925925925926 0.513425925925926 0.011111111111111112 0.032407407407407406
2 0.7847222222222222 0.5162037037037037 0.006481481481481481 0.028703703703703703
0 0.6375 0.4986111111111111 0.03611111111111111 0.025
2 0.8782407407407408 0.5444444444444444 0.008333333333333333 0.027777777777777776
2 0.9004629629629629 0.5347222222222222 0.010185185185185186 0.030555555555555555
2 0.8041666666666667 0.5199074074074074 0.012037037037037037 0.03796296296296296
2 0.8717592592592592 0.5328703703703703 0.008333333333333333 0.032407407407407406
2 0.8398148148148148 0.5287037037037037 0.009259259259259259 0.03888888888888889
0 0.5527777777777778 0.49398148148148147 0.022222222222222223 0.023148148148148147
2 0.14583333333333334 0.5097222222222222 0.012037037037037037 0.026851851851851852
2 0.004629629629629629 0.5282407407407408 0.009259259259259259 0.01574074074074074