2 0.19675925925925927 0.5402777777777777 0.010185185185185186 0.023148148148148147
1 0.7282407407407407 0.4648148148148148 0.01574074074074074 0.022222222222222223
0 0.05462962962962963 0.5444444444444444 0.10740740740740741 0.1962962962962963
2 0.950462962962963 0.5435185185185185 0.023148148148148147 0.05
2 0.8347222222222223 0.5208333333333334 0.013888888888888888 0.032407407407407406
2 0.8064814814814815 0.5120370370370371 0.009259259259259259 0.024074074074074074
2 0.899074074074074 0.5296296296296297 0.020370370370370372 0.03888888888888889
0 0.6648148148148149 0.49953703703703706 0.03888888888888889 0.032407407407407406
2 0.7703703703703704 0.5087962962962963 0.009259259259259259 0.023148148148148147
2 0.2587962962962963 0.5314814814814814 0.008333333333333333 0.020370370370370372
2 0.15787037037037038 0.5333333333333333 0.010185185185185186 0.022222222222222223
2 0.7578703703703704 0.5074074074074074 0.008333333333333333 0.020370370370370372
2 0.4305555555555556 0.5138888888888888 0.007407407407407408 0.012962962962962963
0 0.5703703703703704 0.49722222222222223 0.037037037037037035 0.024074074074074074
2 0.7439814814814815 0.5037037037037037 0.008333333333333333 0.020370370370370372
2 0.1699074074074074 0.5333333333333333 0.019444444444444445 0.024074074074074074
2 0.2902777777777778 0.5282407407407408 0.012037037037037037 0.021296296296296296
2 0.45231481481481484 0.512962962962963 0.010185185185185186 0.011111111111111112
0 0.49722222222222223 0.5009259259259259 0.06666666666666667 0.025925925925925925