2 0.8731481481481481 0.4976851851851852 0.018518518518518517 0.03981481481481482
2 0.8472222222222222 0.487962962962963 0.012962962962962963 0.03148148148148148
1 0.7208333333333333 0.42916666666666664 0.01574074074074074 0.019444444444444445
0 0.24351851851851852 0.48333333333333334 0.17592592592592593 0.11851851851851852
2 0.8027777777777778 0.4810185185185185 0.011111111111111112 0.026851851851851852
2 0.950925925925926 0.5101851851851852 0.027777777777777776 0.05740740740740741
0 0.662962962962963 0.46296296296296297 0.040740740740740744 0.03333333333333333
0 0.5527777777777778 0.45925925925925926 0.06851851851851852 0.025925925925925925
2 0.7833333333333333 0.47638888888888886 0.007407407407407408 0.019444444444444445
2 0.7555555555555555 0.47175925925925927 0.007407407407407408 0.017592592592592594
2 0.7472222222222222 0.4703703703703704 0.007407407407407408 0.016666666666666666
2 0.7328703703703704 0.46574074074074073 0.006481481481481481 0.018518518518518517
0 0.07685185185185185 0.47685185185185186 0.15185185185185185 0.05555555555555555