2 0.18796296296296297 0.5171296296296296 0.012962962962962963 0.026851851851851852
2 0.2722222222222222 0.512962962962963 0.007407407407407408 0.022222222222222223
0 0.4824074074074074 0.49444444444444446 0.053703703703703705 0.040740740740740744
2 0.2439814814814815 0.513425925925926 0.012037037037037037 0.026851851851851852
2 0.009722222222222222 0.5231481481481481 0.01574074074074074 0.03888888888888889
0 0.3699074074074074 0.49444444444444446 0.1175925925925926 0.04814814814814815
1 0.7597222222222222 0.44907407407407407 0.026851851851851852 0.03518518518518519
2 0.8643518518518518 0.5370370370370371 0.017592592592592594 0.040740740740740744
0 0.6291666666666667 0.5009259259259259 0.032407407407407406 0.022222222222222223
2 0.7935185185185185 0.5203703703703704 0.009259259259259259 0.027777777777777776
2 0.05324074074074074 0.5171296296296296 0.012037037037037037 0.028703703703703703
2 0.9407407407407408 0.5412037037037037 0.011111111111111112 0.03611111111111111
2 0.9046296296296297 0.5402777777777777 0.011111111111111112 0.03611111111111111
0 0.5402777777777777 0.49583333333333335 0.025 0.025