2 0.13194444444444445 0.5458333333333333 0.012037037037037037 0.025
2 0.17592592592592593 0.5412037037037037 0.011111111111111112 0.026851851851851852
2 0.9763888888888889 0.5458333333333333 0.026851851851851852 0.05277777777777778
1 0.7296296296296296 0.4638888888888889 0.016666666666666666 0.022222222222222223
2 0.9138888888888889 0.5296296296296297 0.022222222222222223 0.040740740740740744
0 0.6643518518518519 0.49907407407407406 0.03796296296296296 0.02962962962962963
2 0.8125 0.5115740740740741 0.010185185185185186 0.028703703703703703
0 0.5708333333333333 0.49675925925925923 0.03611111111111111 0.025
2 0.7731481481481481 0.5074074074074074 0.009259259259259259 0.025925925925925925
2 0.2449074074074074 0.5319444444444444 0.008333333333333333 0.023148148148148147
2 0.27824074074074073 0.5300925925925926 0.010185185185185186 0.021296296296296296
2 0.7620370370370371 0.5060185185185185 0.009259259259259259 0.023148148148148147
2 0.8439814814814814 0.5171296296296296 0.01574074074074074 0.03981481481481482
2 0.425462962962963 0.5143518518518518 0.006481481481481481 0.012037037037037037
0 0.6402777777777777 0.4986111111111111 0.017592592592592594 0.01574074074074074
2 0.004166666666666667 0.5388888888888889 0.008333333333333333 0.037037037037037035
0 0.4722222222222222 0.5013888888888889 0.07407407407407407 0.025
0 0.021296296296296296 0.524074074074074 0.040740740740740744 0.044444444444444446
2 0.1375 0.5342592592592592 0.010185185185185186 0.022222222222222223
2 0.7467592592592592 0.5037037037037037 0.010185185185185186 0.022222222222222223