1 0.7546296296296297 0.4564814814814815 0.022222222222222223 0.03148148148148148
0 0.5263888888888889 0.4912037037037037 0.03981481481481482 0.032407407407407406
2 0.29814814814814816 0.5064814814814815 0.011111111111111112 0.022222222222222223
2 0.35509259259259257 0.5050925925925925 0.008333333333333333 0.017592592592592594
0 0.6453703703703704 0.4986111111111111 0.037037037037037035 0.025
2 0.8486111111111111 0.5365740740740741 0.012037037037037037 0.028703703703703703
2 0.18796296296296297 0.5115740740740741 0.009259259259259259 0.025
2 0.33564814814814814 0.5055555555555555 0.010185185185185186 0.020370370370370372
2 0.9837962962962963 0.5601851851851852 0.025 0.05740740740740741
2 0.8212962962962963 0.5273148148148148 0.011111111111111112 0.028703703703703703
2 0.8726851851851852 0.5305555555555556 0.010185185185185186 0.025925925925925925
2 0.7916666666666666 0.5208333333333334 0.011111111111111112 0.026851851851851852
0 0.5606481481481481 0.49398148148148147 0.023148148148148147 0.025
0 0.3976851851851852 0.49074074074074076 0.06018518518518518 0.037037037037037035
2 0.2101851851851852 0.5083333333333333 0.009259259259259259 0.024074074074074074
2 0.8722222222222222 0.5069444444444444 0.009259259259259259 0.012037037037037037
2 0.4550925925925926 0.49953703703703706 0.006481481481481481 0.010185185185185186
2 0.6875 0.5060185185185185 0.010185185185185186 0.010185185185185186