0 0.37407407407407406 0.4930555555555556 0.11296296296296296 0.04537037037037037
2 0.22962962962962963 0.512962962962963 0.011111111111111112 0.024074074074074074
2 0.30092592592592593 0.5101851851851852 0.009259259259259259 0.020370370370370372
0 0.4986111111111111 0.4930555555555556 0.049074074074074076 0.03796296296296296
2 0.07731481481481481 0.5171296296296296 0.010185185185185186 0.03796296296296296
1 0.7601851851851852 0.45185185185185184 0.025925925925925925 0.03333333333333333
2 0.2777777777777778 0.5111111111111111 0.011111111111111112 0.022222222222222223
0 0.6393518518518518 0.500462962962963 0.028703703703703703 0.023148148148148147
2 0.8513888888888889 0.5375 0.012037037037037037 0.028703703703703703
2 0.7898148148148149 0.5199074074074074 0.007407407407407408 0.025
2 0.8967592592592593 0.5444444444444444 0.010185185185185186 0.03888888888888889
2 0.9166666666666666 0.537962962962963 0.007407407407407408 0.02962962962962963
2 0.8851851851851852 0.538425925925926 0.009259259259259259 0.030555555555555555
2 0.8125 0.525 0.010185185185185186 0.02962962962962963
2 0.11342592592592593 0.5115740740740741 0.013888888888888888 0.028703703703703703
0 0.549537037037037 0.49444444444444446 0.025 0.025925925925925925