0 0.35833333333333334 0.49583333333333335 0.11666666666666667 0.05277777777777778
2 0.12175925925925926 0.5226851851851851 0.012037037037037037 0.030555555555555555
2 0.22546296296296298 0.5194444444444445 0.010185185185185186 0.018518518518518517
2 0.836574074074074 0.5277777777777778 0.017592592592592594 0.044444444444444446
0 0.4564814814814815 0.4949074074074074 0.05925925925925926 0.04537037037037037
2 0.19212962962962962 0.5166666666666667 0.017592592592592594 0.03148148148148148
2 0.9430555555555555 0.5439814814814815 0.013888888888888888 0.04537037037037037
2 0.8009259259259259 0.5185185185185185 0.011111111111111112 0.03333333333333333
1 0.7606481481481482 0.44166666666666665 0.028703703703703703 0.037037037037037035
2 0.8962962962962963 0.5416666666666666 0.018518518518518517 0.046296296296296294
0 0.6171296296296296 0.500462962962963 0.03611111111111111 0.023148148148148147
2 0.9777777777777777 0.5532407407407407 0.018518518518518517 0.05648148148148148
0 0.5287037037037037 0.4962962962962963 0.025925925925925925 0.025925925925925925