1 0.7143518518518519 0.4375 0.01574074074074074 0.019444444444444445
2 0.8101851851851852 0.4898148148148148 0.011111111111111112 0.025925925925925925
0 0.6546296296296297 0.4736111111111111 0.040740740740740744 0.032407407407407406
0 0.11990740740740741 0.5222222222222223 0.2361111111111111 0.16111111111111112
2 0.8638888888888889 0.49398148148148147 0.016666666666666666 0.03425925925925926
2 0.9018518518518519 0.5101851851851852 0.016666666666666666 0.03333333333333333
2 0.7861111111111111 0.4842592592592593 0.007407407407407408 0.020370370370370372
0 0.5078703703703704 0.47685185185185186 0.0712962962962963 0.027777777777777776
2 0.7513888888888889 0.4810185185185185 0.010185185185185186 0.019444444444444445
2 0.7439814814814815 0.48009259259259257 0.008333333333333333 0.017592592592592594
0 0.5643518518518519 0.4722222222222222 0.03425925925925926 0.024074074074074074
0 0.6291666666666667 0.47175925925925927 0.019444444444444445 0.017592592592592594
2 0.8634259259259259 0.4791666666666667 0.010185185185185186 0.017592592592592594