0 0.3523148148148148 0.4949074074074074 0.1175925925925926 0.05462962962962963
2 0.1050925925925926 0.5222222222222223 0.013888888888888888 0.03148148148148148
0 0.4462962962962963 0.49166666666666664 0.06296296296296296 0.046296296296296294
2 0.21296296296296297 0.5180555555555556 0.009259259259259259 0.021296296296296296
2 0.8972222222222223 0.5407407407407407 0.022222222222222223 0.046296296296296294
2 0.8004629629629629 0.5194444444444445 0.010185185185185186 0.02962962962962963
2 0.17824074074074073 0.5152777777777777 0.01574074074074074 0.032407407407407406
1 0.7587962962962963 0.43842592592592594 0.028703703703703703 0.03796296296296296
2 0.9495370370370371 0.5430555555555555 0.012037037037037037 0.04351851851851852
2 0.8384259259259259 0.524537037037037 0.013888888888888888 0.04351851851851852
0 0.611574074074074 0.4981481481481482 0.03796296296296296 0.022222222222222223
2 0.8282407407407407 0.5037037037037037 0.010185185185185186 0.016666666666666666
0 0.524074074074074 0.4949074074074074 0.025925925925925925 0.026851851851851852