2 0.9407407407407408 0.5273148148148148 0.022222222222222223 0.041666666666666664
2 0.1361111111111111 0.5393518518518519 0.009259259259259259 0.026851851851851852
0 0.5597222222222222 0.49074074074074076 0.028703703703703703 0.024074074074074074
1 0.7296296296296296 0.45601851851851855 0.016666666666666666 0.021296296296296296
2 0.8569444444444444 0.5185185185185185 0.01574074074074074 0.03518518518518519
2 0.8203703703703704 0.5101851851851852 0.009259259259259259 0.025925925925925925
2 0.08425925925925926 0.5416666666666666 0.012962962962962963 0.03333333333333333
2 0.25462962962962965 0.5259259259259259 0.009259259259259259 0.020370370370370372
0 0.6611111111111111 0.49166666666666664 0.037037037037037035 0.02962962962962963
2 0.7768518518518519 0.5032407407407408 0.009259259259259259 0.025
2 0.2175925925925926 0.5282407407407408 0.007407407407407408 0.021296296296296296
2 0.4134259259259259 0.5087962962962963 0.010185185185185186 0.01574074074074074
2 0.9013888888888889 0.4981481481481482 0.008333333333333333 0.018518518518518517
2 0.7472222222222222 0.4976851851851852 0.009259259259259259 0.019444444444444445
2 0.2986111111111111 0.524537037037037 0.008333333333333333 0.010185185185185186
2 0.7949074074074074 0.49953703703703706 0.008333333333333333 0.019444444444444445
0 0.46574074074074073 0.4976851851851852 0.037037037037037035 0.021296296296296296
2 0.4388888888888889 0.5064814814814815 0.012962962962962963 0.014814814814814815
2 0.35509259259259257 0.5106481481481482 0.010185185185185186 0.021296296296296296
0 0.6375 0.4935185185185185 0.013888888888888888 0.014814814814814815
2 0.5879629629629629 0.4986111111111111 0.011111111111111112 0.008333333333333333