2 0.8717592592592592 0.5263888888888889 0.023148148148148147 0.05092592592592592
2 0.2671296296296296 0.5074074074074074 0.010185185185185186 0.020370370370370372
1 0.7657407407407407 0.42268518518518516 0.03518518518518519 0.04351851851851852
2 0.09398148148148149 0.5185185185185185 0.01574074074074074 0.037037037037037035
0 0.325 0.48935185185185187 0.10740740740740741 0.06388888888888888
0 0.6 0.49166666666666664 0.037037037037037035 0.022222222222222223
2 0.8189814814814815 0.5157407407407407 0.010185185185185186 0.037037037037037035
0 0.4125 0.48842592592592593 0.07314814814814814 0.05462962962962963
2 0.14074074074074075 0.5231481481481481 0.009259259259259259 0.018518518518518517
2 0.9699074074074074 0.5347222222222222 0.028703703703703703 0.06944444444444445
0 0.5101851851851852 0.48842592592592593 0.025925925925925925 0.025