2 0.16898148148148148 0.5171296296296296 0.012037037037037037 0.026851851851851852
2 0.2587962962962963 0.5143518518518518 0.008333333333333333 0.019444444444444445
1 0.7601851851851852 0.4449074074074074 0.025925925925925925 0.03425925925925926
0 0.4759259259259259 0.4925925925925926 0.05740740740740741 0.04259259259259259
2 0.7953703703703704 0.5194444444444445 0.009259259259259259 0.027777777777777776
2 0.874537037037037 0.537962962962963 0.01574074074074074 0.040740740740740744
2 0.22824074074074074 0.5125 0.013888888888888888 0.026851851851851852
0 0.6222222222222222 0.49953703703703706 0.03888888888888889 0.023148148148148147
2 0.9152777777777777 0.5402777777777777 0.010185185185185186 0.03796296296296296
2 0.02638888888888889 0.5175925925925926 0.012037037037037037 0.03148148148148148
0 0.36712962962962964 0.4935185185185185 0.11944444444444445 0.05
2 0.9333333333333333 0.5481481481481482 0.02962962962962963 0.05
2 0.8810185185185185 0.5217592592592593 0.010185185185185186 0.019444444444444445
2 0.836574074074074 0.5087962962962963 0.010185185185185186 0.013888888888888888
2 0.9527777777777777 0.5416666666666666 0.011111111111111112 0.037037037037037035