0 0.35968518518518516 0.49786111111111114 0.12535185185185185 0.06410185185185185
2 0.23657407407407408 0.5175925925925926 0.010185185185185186 0.020370370370370372
2 0.1388888888888889 0.5208333333333334 0.012962962962962963 0.028703703703703703
1 0.7597222222222222 0.4439814814814815 0.026851851851851852 0.03796296296296296
0 0.6203703703703703 0.5013888888888889 0.03333333333333333 0.023148148148148147
2 0.8310185185185185 0.5268518518518519 0.01574074074074074 0.046296296296296294
2 0.9310185185185185 0.5439814814814815 0.010185185185185186 0.041666666666666664
2 0.8875 0.5421296296296296 0.01574074074074074 0.041666666666666664
2 0.2050925925925926 0.5152777777777777 0.013888888888888888 0.028703703703703703
2 0.7981481481481482 0.5189814814814815 0.009259259259259259 0.032407407407407406
2 0.9592592592592593 0.5527777777777778 0.012962962962962963 0.05555555555555555
0 0.4625 0.49444444444444446 0.062037037037037036 0.044444444444444446
0 0.6018518518518519 0.5009259259259259 0.020370370370370372 0.018518518518518517