0 0.34814814814814815 0.4925925925925926 0.11296296296296296 0.05555555555555555
2 0.08657407407407407 0.5222222222222223 0.01574074074074074 0.03333333333333333
0 0.4449074074074074 0.49027777777777776 0.062037037037037036 0.049074074074074076
2 0.20092592592592592 0.5175925925925926 0.011111111111111112 0.022222222222222223
2 0.1638888888888889 0.5152777777777777 0.016666666666666666 0.032407407407407406
2 0.8430555555555556 0.5236111111111111 0.021296296296296296 0.04722222222222222
1 0.7611111111111111 0.4300925925925926 0.02962962962962963 0.032407407407407406
0 0.6111111111111112 0.49583333333333335 0.03518518518518519 0.023148148148148147
2 0.9638888888888889 0.5402777777777777 0.012962962962962963 0.04722222222222222
2 0.8310185185185185 0.5009259259259259 0.010185185185185186 0.014814814814814815
2 0.8041666666666667 0.5152777777777777 0.010185185185185186 0.03611111111111111
2 0.9115740740740741 0.5402777777777777 0.019444444444444445 0.04351851851851852
2 0.1837962962962963 0.5106481481481482 0.010185185185185186 0.01574074074074074