0 0.33935185185185185 0.49444444444444446 0.11203703703703703 0.05925925925925926
2 0.050462962962962966 0.525 0.013888888888888888 0.03888888888888889
2 0.8097222222222222 0.5175925925925926 0.010185185185185186 0.03333333333333333
0 0.42777777777777776 0.49212962962962964 0.06666666666666667 0.05092592592592592
1 0.7625 0.42824074074074076 0.030555555555555555 0.032407407407407406
0 0.6060185185185185 0.49722222222222223 0.032407407407407406 0.022222222222222223
2 0.8550925925925926 0.5236111111111111 0.019444444444444445 0.05092592592592592
2 0.16527777777777777 0.5148148148148148 0.008333333333333333 0.022222222222222223
2 0.9893518518518518 0.5467592592592593 0.01574074074074074 0.04537037037037037
2 0.9337962962962963 0.5425925925925926 0.021296296296296296 0.05185185185185185
2 0.13657407407407407 0.5175925925925926 0.017592592592592594 0.037037037037037035
2 0.14305555555555555 0.5074074074074074 0.010185185185185186 0.018518518518518517
0 0.5166666666666667 0.4930555555555556 0.027777777777777776 0.026851851851851852
2 0.17407407407407408 0.5203703703703704 0.011111111111111112 0.022222222222222223