1 0.7268518518518519 0.4601851851851852 0.016666666666666666 0.022222222222222223
2 0.12638888888888888 0.5421296296296296 0.010185185185185186 0.028703703703703703
2 0.07453703703703704 0.5467592592592593 0.012037037037037037 0.030555555555555555
2 0.8574074074074074 0.5231481481481481 0.012962962962962963 0.037037037037037035
0 0.6574074074074074 0.4962962962962963 0.037037037037037035 0.02962962962962963
2 0.9435185185185185 0.5337962962962963 0.020370370370370372 0.04351851851851852
0 0.5736111111111111 0.49537037037037035 0.017592592592592594 0.020370370370370372
2 0.8194444444444444 0.512962962962963 0.007407407407407408 0.025925925925925925
2 0.762962962962963 0.5069444444444444 0.009259259259259259 0.021296296296296296
2 0.775 0.5083333333333333 0.009259259259259259 0.024074074074074074
2 0.24722222222222223 0.5291666666666667 0.009259259259259259 0.023148148148148147
0 0.5564814814814815 0.49444444444444446 0.025925925925925925 0.025925925925925925
2 0.20972222222222223 0.5319444444444444 0.008333333333333333 0.025
2 0.7930555555555555 0.5060185185185185 0.008333333333333333 0.019444444444444445
2 0.42685185185185187 0.5097222222222222 0.007407407407407408 0.01574074074074074
0 0.44166666666666665 0.49953703703703706 0.06851851851851852 0.026851851851851852
2 0.29398148148148145 0.5263888888888889 0.008333333333333333 0.013888888888888888
2 0.4361111111111111 0.5106481481481482 0.009259259259259259 0.013888888888888888
2 0.40925925925925927 0.5120370370370371 0.009259259259259259 0.016666666666666666