2 0.1259259259259259 0.5425925925925926 0.009259259259259259 0.024074074074074074
2 0.9763888888888889 0.5416666666666666 0.028703703703703703 0.05740740740740741
2 0.17175925925925925 0.537962962962963 0.012037037037037037 0.025925925925925925
2 0.913425925925926 0.5277777777777778 0.021296296296296296 0.040740740740740744
1 0.7277777777777777 0.45925925925925926 0.016666666666666666 0.022222222222222223
2 0.8111111111111111 0.5092592592592593 0.009259259259259259 0.025925925925925925
2 0.7712962962962963 0.5046296296296297 0.009259259259259259 0.024074074074074074
0 0.5671296296296297 0.4925925925925926 0.03796296296296296 0.025925925925925925
0 0.662962962962963 0.49444444444444446 0.03888888888888889 0.02962962962962963
2 0.8435185185185186 0.5180555555555556 0.012962962962962963 0.032407407407407406
2 0.42314814814814816 0.5111111111111111 0.009259259259259259 0.014814814814814815
2 0.27546296296296297 0.5254629629629629 0.010185185185185186 0.021296296296296296
2 0.24166666666666667 0.5277777777777778 0.007407407407407408 0.022222222222222223
2 0.7615740740740741 0.5027777777777778 0.008333333333333333 0.022222222222222223
2 0.8888888888888888 0.5 0.009259259259259259 0.016666666666666666
2 0.4398148148148148 0.5078703703703704 0.007407407407407408 0.013888888888888888
2 0.13287037037037036 0.5305555555555556 0.012037037037037037 0.022222222222222223
2 0.36944444444444446 0.5111111111111111 0.011111111111111112 0.022222222222222223
0 0.6388888888888888 0.49583333333333335 0.012962962962962963 0.013888888888888888
0 0.4699074074074074 0.49675925925925923 0.07685185185185185 0.026851851851851852