2 0.20925925925925926 0.5393518518518519 0.016666666666666666 0.028703703703703703
0 0.08194444444444444 0.5430555555555555 0.16203703703703703 0.19537037037037036
1 0.7305555555555555 0.4625 0.016666666666666666 0.021296296296296296
2 0.9425925925925925 0.5416666666666666 0.024074074074074074 0.044444444444444446
2 0.8958333333333334 0.5259259259259259 0.017592592592592594 0.03518518518518519
0 0.6680555555555555 0.49722222222222223 0.03981481481481482 0.03148148148148148
2 0.8064814814814815 0.5111111111111111 0.009259259259259259 0.022222222222222223
2 0.8333333333333334 0.5180555555555556 0.014814814814814815 0.032407407407407406
2 0.7717592592592593 0.5074074074074074 0.010185185185185186 0.022222222222222223
2 0.45601851851851855 0.5074074074074074 0.010185185185185186 0.016666666666666666
2 0.4361111111111111 0.5106481481481482 0.007407407407407408 0.01574074074074074
0 0.5717592592592593 0.49444444444444446 0.03611111111111111 0.025925925925925925
2 0.29953703703703705 0.5254629629629629 0.010185185185185186 0.019444444444444445
2 0.7587962962962963 0.5037037037037037 0.006481481481481481 0.020370370370370372
2 0.38842592592592595 0.512962962962963 0.013888888888888888 0.020370370370370372
0 0.5027777777777778 0.49722222222222223 0.06851851851851852 0.025925925925925925
2 0.7875 0.5027777777777778 0.008333333333333333 0.016666666666666666
2 0.7458333333333333 0.500462962962963 0.008333333333333333 0.021296296296296296
0 0.8791666666666667 0.4981481481481482 0.030555555555555555 0.018518518518518517
0 0.6430555555555556 0.4962962962962963 0.019444444444444445 0.018518518518518517
2 0.2689814814814815 0.5296296296296297 0.010185185185185186 0.018518518518518517
1 0.5175925925925926 0.475462962962963 0.016666666666666666 0.017592592592592594
2 0.9416666666666667 0.5236111111111111 0.011111111111111112 0.017592592592592594