0 0.1361111111111111 0.4666666666666667 0.07777777777777778 0.06111111111111111
2 0.8435185185185186 0.4981481481481482 0.012962962962962963 0.027777777777777776
1 0.725925925925926 0.43796296296296294 0.014814814814814815 0.018518518518518517
0 0.6685185185185185 0.4703703703703704 0.04259259259259259 0.03518518518518519
2 0.8657407407407407 0.5074074074074074 0.016666666666666666 0.037037037037037035
0 0.5680555555555555 0.4615740740740741 0.06388888888888888 0.025
2 0.9337962962962963 0.5180555555555556 0.025 0.058333333333333334
0 0.27870370370370373 0.4759259259259259 0.15555555555555556 0.10925925925925926
2 0.8032407407407407 0.49074074074074076 0.010185185185185186 0.025925925925925925
0 0.05185185185185185 0.4787037037037037 0.10185185185185185 0.22777777777777777
2 0.7837962962962963 0.4861111111111111 0.008333333333333333 0.020370370370370372
2 0.7560185185185185 0.48055555555555557 0.012037037037037037 0.018518518518518517