2 0.9393518518518519 0.5111111111111111 0.026851851851851852 0.05555555555555555
1 0.7268518518518519 0.4287037037037037 0.014814814814814815 0.018518518518518517
2 0.8467592592592592 0.48935185185185187 0.013888888888888888 0.030555555555555555
2 0.8703703703703703 0.4976851851851852 0.018518518518518517 0.03796296296296296
0 0.5671296296296297 0.45185185185185184 0.06388888888888888 0.025925925925925925
0 0.6689814814814815 0.4601851851851852 0.04351851851851852 0.03518518518518519
0 0.2712962962962963 0.4675925925925926 0.15925925925925927 0.1111111111111111
2 0.8050925925925926 0.47962962962962963 0.010185185185185186 0.027777777777777776
2 0.7856481481481481 0.47638888888888886 0.008333333333333333 0.021296296296296296
2 0.7583333333333333 0.4703703703703704 0.009259259259259259 0.018518518518518517
0 0.03657407407407407 0.49953703703703706 0.07314814814814814 0.18055555555555555
0 0.11296296296296296 0.45740740740740743 0.10555555555555556 0.05
2 0.7398148148148148 0.4625 0.007407407407407408 0.019444444444444445