2 0.29609375 0.54921875 0.01171875 0.06015625
2 0.34296875 0.52734375 0.00859375 0.04765625
2 0.78671875 0.53046875 0.00703125 0.03046875
2 0.821875 0.52890625 0.01171875 0.04296875
2 0.1109375 0.584375 0.01171875 0.0859375
2 0.21484375 0.5734375 0.02109375 0.0859375
0 0.4890625 0.50078125 0.01953125 0.02265625
1 0.38203125 0.4234375 0.021875 0.04296875
2 0.89765625 0.53671875 0.00859375 0.05546875
2 0.1546875 0.58125 0.01171875 0.0859375
2 0.27890625 0.51015625 0.0109375 0.034375
2 0.7703125 0.51328125 0.00546875 0.02421875
0 0.6578125 0.49609375 0.0546875 0.08046875
2 0.034375 0.621875 0.0171875 0.14140625
2 0.796875 0.52265625 0.0078125 0.02265625
0 0.6109375 0.4953125 0.0484375 0.0640625
0 0.53984375 0.496875 0.01484375 0.02578125
2 0.30859375 0.5171875 0.00859375 0.028125
2 0.1421875 0.86796875 0.009375 0.03828125
2 0.69140625 0.51328125 0.0078125 0.03203125
2 0.31484375 0.5078125 0.01015625 0.02421875
2 0.45625 0.50625 0.0078125 0.0125