0 0.57265625 0.50546875 0.04296875 0.02890625
2 0.86328125 0.5484375 0.009375 0.04375
2 0.3640625 0.51640625 0.00625 0.03125
2 0.34296875 0.528125 0.0078125 0.03828125
2 0.2953125 0.5390625 0.009375 0.0421875
0 0.8921875 0.53515625 0.1234375 0.06953125
2 0.3890625 0.51171875 0.00546875 0.0265625
0 0.45390625 0.50234375 0.02265625 0.03125
1 0.41484375 0.46640625 0.01015625 0.021875
2 0.75 0.54921875 0.00625 0.03046875
2 0.4046875 0.5078125 0.00546875 0.02109375
2 0.396875 0.51015625 0.00625 0.02421875
2 0.87109375 0.5484375 0.00859375 0.04375
2 0.25 0.55546875 0.01796875 0.07109375
0 0.50859375 0.50078125 0.02109375 0.02578125
0 0.32109375 0.5046875 0.02890625 0.021875
1 0.41328125 0.4859375 0.009375 0.05703125
2 0.06328125 0.60625 0.015625 0.12734375
0 0.30234375 0.503125 0.0390625 0.028125
2 0.703125 0.53671875 0.0078125 0.02734375