2 0.6125 0.51640625 0.00625 0.03125
2 0.64375 0.525 0.00703125 0.03671875
2 0.675 0.5359375 0.00859375 0.05
2 0.603125 0.5140625 0.00625 0.028125
2 0.009375 0.53125 0.00859375 0.05234375
2 0.18359375 0.534375 0.00625 0.03828125
2 0.1421875 0.5359375 0.00625 0.0421875
1 0.58125 0.4640625 0.01015625 0.025
0 0.5375 0.5 0.0203125 0.0296875
2 0.02265625 0.53203125 0.01171875 0.05390625
2 0.35 0.51328125 0.00625 0.021875
2 0.5921875 0.50859375 0.00546875 0.0234375
2 0.38515625 0.509375 0.00625 0.01796875
2 0.2765625 0.51875 0.00390625 0.0359375
0 0.48203125 0.496875 0.0296875 0.02734375
0 0.05390625 0.50546875 0.1046875 0.07578125
2 0.7453125 0.55234375 0.0203125 0.06953125
0 0.39375 0.4953125 0.02421875 0.028125
2 0.8515625 0.59296875 0.01484375 0.09921875