2 0.38359375 0.52109375 0.00625 0.03125
2 0.3484375 0.53359375 0.0078125 0.040625
2 0.3140625 0.5484375 0.01015625 0.04609375
2 0.8390625 0.5296875 0.00859375 0.04140625
1 0.415625 0.46640625 0.01015625 0.021875
2 0.76171875 0.52109375 0.00546875 0.03203125
2 0.3921875 0.5171875 0.00546875 0.02734375
2 0.73359375 0.51796875 0.0046875 0.0328125
0 0.4625 0.50234375 0.0203125 0.02890625
2 0.88515625 0.5328125 0.00703125 0.04296875
2 0.371875 0.51875 0.00546875 0.02421875
2 0.6171875 0.509375 0.00546875 0.01796875
0 0.96015625 0.5 0.07890625 0.07578125
2 0.40546875 0.51171875 0.00546875 0.025
2 0.2296875 0.5734375 0.01953125 0.0640625
2 0.603125 0.50703125 0.00546875 0.01796875
2 0.7 0.5203125 0.00625 0.0140625
0 0.52109375 0.496875 0.01875 0.028125
2 0.08828125 0.6265625 0.01640625 0.1109375
0 0.27890625 0.51875 0.02890625 0.0265625