0 0.625 0.50625 0.06640625 0.05546875
2 0.7640625 0.53203125 0.00703125 0.03359375
2 0.29375 0.55546875 0.0078125 0.04609375
2 0.37578125 0.5296875 0.00703125 0.03515625
2 0.35390625 0.53671875 0.0078125 0.04609375
2 0.3203125 0.55234375 0.0109375 0.0484375
2 0.7234375 0.5265625 0.00703125 0.03203125
0 0.47890625 0.51015625 0.01640625 0.02421875
2 0.89453125 0.5421875 0.00703125 0.05
2 0.271875 0.5640625 0.0109375 0.0671875
2 0.703125 0.5296875 0.0046875 0.0203125
1 0.3984375 0.45 0.0171875 0.03671875
0 0.571875 0.50546875 0.03515625 0.04765625
0 0.53046875 0.50859375 0.0140625 0.0234375
2 0.85859375 0.53359375 0.00859375 0.034375
0 0.0578125 0.5484375 0.090625 0.1015625