0 0.46015625 0.50859375 0.01953125 0.03203125
0 0.46171875 0.50703125 0.01875 0.02578125
2 0.35625 0.5359375 0.00625 0.0421875
2 0.3703125 0.53203125 0.0078125 0.034375
2 0.34296875 0.5296875 0.00703125 0.0375
2 0.384375 0.52578125 0.00546875 0.0265625
2 0.83671875 0.5234375 0.00625 0.04453125
2 0.29296875 0.56328125 0.015625 0.05546875
1 0.403125 0.46796875 0.01328125 0.028125
0 0.50859375 0.50390625 0.01328125 0.0234375
2 0.646875 0.5125 0.00546875 0.0234375
2 0.628125 0.5109375 0.00625 0.0203125
0 0.5265625 0.50078125 0.02109375 0.0328125
2 0.88671875 0.52578125 0.0078125 0.046875
2 0.70390625 0.51640625 0.0046875 0.025
2 0.40703125 0.5171875 0.0046875 0.01953125
2 0.1953125 0.59609375 0.0109375 0.08359375
2 0.7671875 0.5234375 0.00703125 0.01953125
2 0.6921875 0.51171875 0.00546875 0.02265625
2 0.38984375 0.52421875 0.00703125 0.0234375
2 0.22265625 0.54921875 0.00546875 0.0234375
0 0.6015625 0.49921875 0.03046875 0.03671875