2 0.084375 0.5515625 0.00859375 0.0453125
2 0.6625 0.53203125 0.00703125 0.0390625
0 0.07421875 0.5359375 0.13046875 0.08125
2 0.6390625 0.521875 0.00625 0.02890625
2 0.0953125 0.55234375 0.01015625 0.04609375
2 0.225 0.5484375 0.00625 0.03359375
2 0.7171875 0.5421875 0.01015625 0.05234375
2 0.61015625 0.5140625 0.00625 0.02734375
2 0.1921875 0.55546875 0.00703125 0.03125
0 0.5421875 0.50234375 0.021875 0.03125
2 0.621875 0.51328125 0.00546875 0.0203125
2 0.59296875 0.509375 0.00546875 0.021875
2 0.3984375 0.5171875 0.00546875 0.01796875
2 0.3015625 0.5375 0.00625 0.02109375
1 0.5828125 0.46640625 0.01015625 0.0203125
2 0.78125 0.56484375 0.0203125 0.07890625
0 0.42421875 0.50625 0.03828125 0.02734375
2 0.365625 0.52265625 0.0078125 0.0203125
0 0.48828125 0.50234375 0.0265625 0.0265625
0 0.6859375 0.5046875 0.03125 0.02578125
0 0.40625 0.5046875 0.01640625 0.0234375
2 0.6046875 0.5125 0.00625 0.028125