2 0.65 0.540625 0.00859375 0.0390625
2 0.684375 0.54609375 0.00703125 0.0296875
2 0.615625 0.52734375 0.00625 0.03046875
2 0.67109375 0.55234375 0.009375 0.03984375
2 0.31015625 0.51875 0.00546875 0.02734375
2 0.6265625 0.53359375 0.00859375 0.03125
2 0.23046875 0.525 0.00546875 0.03515625
2 0.12265625 0.5359375 0.00625 0.03671875
0 0.5328125 0.509375 0.01796875 0.02421875
1 0.6015625 0.46328125 0.01328125 0.03125
2 0.33671875 0.51953125 0.00625 0.02109375
2 0.34921875 0.51875 0.00625 0.01875
2 0.665625 0.5375 0.00703125 0.03828125
2 0.2484375 0.5203125 0.00625 0.0265625
2 0.7984375 0.59140625 0.0140625 0.0734375
0 0.3875 0.50234375 0.06015625 0.04375
2 0.5671875 0.51796875 0.0046875 0.0125
2 0.2296875 0.51015625 0.0046875 0.01875
0 0.45859375 0.503125 0.02734375 0.03671875
0 0.94921875 0.5484375 0.10078125 0.075
2 0.49375 0.51484375 0.00546875 0.0109375
0 0.484375 0.50546875 0.0125 0.021875
2 0.8078125 0.9078125 0.009375 0.03515625
0 0.81171875 0.5421875 0.0484375 0.0609375
2 0.67421875 0.515625 0.009375 0.01875
2 0.6140625 0.51484375 0.00625 0.01640625