2 0.3515625 0.528125 0.00703125 0.03515625
2 0.3109375 0.5359375 0.0078125 0.03984375
2 0.36953125 0.5203125 0.00546875 0.02578125
2 0.83046875 0.54609375 0.00703125 0.0375
2 0.8390625 0.54609375 0.00546875 0.03671875
2 0.72890625 0.54609375 0.00546875 0.028125
2 0.39140625 0.5140625 0.0046875 0.0234375
0 0.45234375 0.5046875 0.021875 0.03359375
1 0.41640625 0.46953125 0.01015625 0.02109375
2 0.2765625 0.5515625 0.01484375 0.06015625
2 0.7546875 0.55234375 0.0046875 0.02421875
2 0.40546875 0.51015625 0.00546875 0.02109375
2 0.37890625 0.51328125 0.0046875 0.01484375
2 0.58828125 0.5203125 0.0046875 0.01484375
0 0.83359375 0.53046875 0.05625 0.05625
0 0.5078125 0.503125 0.01796875 0.02578125
2 0.15390625 0.58359375 0.0140625 0.10234375
1 0.4078125 0.4765625 0.00625 0.01640625
0 0.92421875 0.58984375 0.14921875 0.32421875
0 0.55625 0.509375 0.03046875 0.02265625
2 0.61875 0.521875 0.00625 0.02578125