2 0.14921875 0.55546875 0.0078125 0.03984375
2 0.1390625 0.55234375 0.00546875 0.03671875
2 0.634375 0.525 0.00546875 0.028125
2 0.6109375 0.5203125 0.00546875 0.025
2 0.25859375 0.5546875 0.00546875 0.02890625
1 0.584375 0.47265625 0.00859375 0.01875
2 0.2296875 0.56171875 0.00546875 0.0234375
0 0.12421875 0.54140625 0.115625 0.06640625
2 0.3015625 0.54296875 0.00546875 0.02578125
2 0.603125 0.51796875 0.00546875 0.02421875
0 0.54765625 0.51015625 0.021875 0.0328125
2 0.37734375 0.53046875 0.00546875 0.01953125
2 0.6984375 0.54453125 0.0109375 0.0421875
2 0.6546875 0.53515625 0.00625 0.03359375
2 0.59375 0.5140625 0.0046875 0.02109375
2 0.740625 0.559375 0.01640625 0.06875
0 0.4921875 0.509375 0.01796875 0.02421875
2 0.9015625 0.60703125 0.03515625 0.125