2 0.29296875 0.5578125 0.009375 0.04765625
2 0.3765625 0.521875 0.00625 0.0328125
2 0.33671875 0.540625 0.0078125 0.0390625
2 0.78359375 0.52421875 0.00546875 0.0328125
2 0.3640625 0.521875 0.00546875 0.028125
0 0.4609375 0.503125 0.01953125 0.028125
2 0.878125 0.53203125 0.00859375 0.05078125
2 0.93515625 0.534375 0.009375 0.0515625
2 0.7515625 0.52109375 0.00546875 0.034375
2 0.66484375 0.5109375 0.00625 0.0265625
2 0.4015625 0.51484375 0.00546875 0.02578125
2 0.621875 0.51015625 0.00625 0.01796875
2 0.60625 0.509375 0.00625 0.0171875
2 0.184375 0.59140625 0.02265625 0.0734375
0 0.5078125 0.50078125 0.01171875 0.0234375
1 0.41171875 0.48515625 0.0109375 0.05859375
0 0.52109375 0.49765625 0.0171875 0.02890625
2 0.39140625 0.51640625 0.00859375 0.02109375
1 0.41328125 0.46953125 0.00859375 0.01953125
0 0.98515625 0.50859375 0.02734375 0.0640625
1 0.5671875 0.4765625 0.0078125 0.01875