0 0.5390625 0.50703125 0.01875 0.02578125
2 0.64921875 0.5375 0.00703125 0.0390625
2 0.634375 0.534375 0.0078125 0.03359375
2 0.346875 0.51328125 0.00546875 0.02578125
2 0.61953125 0.52578125 0.00703125 0.0328125
2 0.721875 0.56875 0.01484375 0.05625
2 0.6625 0.5296875 0.00703125 0.03984375
1 0.59921875 0.465625 0.01328125 0.02734375
2 0.3671875 0.51328125 0.00625 0.0203125
2 0.2875 0.5171875 0.00546875 0.02890625
2 0.1390625 0.52890625 0.00625 0.04453125
2 0.2984375 0.5140625 0.0046875 0.02109375
2 0.61015625 0.51953125 0.00625 0.028125
0 0.47265625 0.50078125 0.021875 0.03359375
2 0.840625 0.60546875 0.0125 0.096875
0 0.49140625 0.50390625 0.01171875 0.021875
2 0.084375 0.5265625 0.0078125 0.05859375
2 0.5953125 0.51640625 0.00546875 0.0203125
0 0.6421875 0.51328125 0.0203125 0.0234375
0 0.3984375 0.5015625 0.03515625 0.0390625