0 0.4609375 0.50703125 0.01875 0.02578125
2 0.35078125 0.5375 0.00703125 0.0390625
2 0.365625 0.534375 0.0078125 0.03359375
2 0.653125 0.51328125 0.00546875 0.02578125
2 0.38046875 0.52578125 0.00703125 0.0328125
2 0.278125 0.56875 0.01484375 0.05625
2 0.3375 0.5296875 0.00703125 0.03984375
1 0.40078125 0.465625 0.01328125 0.02734375
2 0.6328125 0.51328125 0.00625 0.0203125
2 0.7125 0.5171875 0.00546875 0.02890625
2 0.8609375 0.52890625 0.00625 0.04453125
2 0.7015625 0.5140625 0.0046875 0.02109375
2 0.38984375 0.51953125 0.00625 0.028125
0 0.52734375 0.50078125 0.021875 0.03359375
2 0.159375 0.60546875 0.0125 0.096875
0 0.50859375 0.50390625 0.01171875 0.021875
2 0.915625 0.5265625 0.0078125 0.05859375
2 0.4046875 0.51640625 0.00546875 0.0203125
0 0.3578125 0.51328125 0.0203125 0.0234375
0 0.6015625 0.5015625 0.03515625 0.0390625