2 0.38515625 0.521875 0.00625 0.03125
2 0.3515625 0.53359375 0.0078125 0.040625
2 0.75546875 0.521875 0.00546875 0.03046875
2 0.31953125 0.54609375 0.01015625 0.05
2 0.39375 0.51796875 0.00625 0.0265625
2 0.8265625 0.52890625 0.0078125 0.04375
2 0.728125 0.52109375 0.0046875 0.028125
0 0.4625 0.50234375 0.0203125 0.02890625
2 0.8703125 0.5328125 0.00859375 0.04375
2 0.4078125 0.51328125 0.00546875 0.02578125
2 0.615625 0.509375 0.00546875 0.01953125
1 0.415625 0.48828125 0.01171875 0.0578125
2 0.99609375 0.525 0.0078125 0.05
2 0.37421875 0.5203125 0.00703125 0.02265625
2 0.1203125 0.615625 0.01484375 0.10234375
2 0.65078125 0.51328125 0.00859375 0.02265625
2 0.24140625 0.56796875 0.01953125 0.065625
0 0.60546875 0.49609375 0.02265625 0.02890625
0 0.5203125 0.49765625 0.01875 0.028125
1 0.41640625 0.46640625 0.01015625 0.01875
0 0.2765625 0.51796875 0.03203125 0.02578125
0 0.92109375 0.51328125 0.03203125 0.0546875
0 0.95078125 0.5015625 0.0953125 0.078125