1 0.59375 0.47265625 0.01328125 0.03203125
2 0.63359375 0.53046875 0.00703125 0.03515625
2 0.18125 0.528125 0.00703125 0.03515625
2 0.62265625 0.52421875 0.00703125 0.0359375
2 0.68125 0.54921875 0.01015625 0.046875
2 0.32265625 0.51640625 0.0046875 0.02265625
2 0.6109375 0.52109375 0.00625 0.028125
0 0.540625 0.50703125 0.01953125 0.0265625
2 0.646875 0.53125 0.00625 0.025
2 0.3703125 0.5140625 0.00546875 0.0203125
2 0.21953125 0.52265625 0.0046875 0.0375
2 0.38671875 0.5125 0.00625 0.0171875
2 0.05703125 0.5375 0.00625 0.0546875
2 0.26953125 0.52578125 0.0046875 0.01640625
2 0.73984375 0.5578125 0.01484375 0.08984375
0 0.49375 0.5046875 0.01171875 0.0234375
2 0.9125 0.61875 0.01875 0.1015625
0 0.47890625 0.5015625 0.01875 0.03046875
2 0.55859375 0.51328125 0.00546875 0.01328125
1 0.9359375 0.5015625 0.08828125 0.36953125
0 0.528125 0.50859375 0.009375 0.01953125