0 0.06484375 0.5359375 0.1296875 0.08125
2 0.66484375 0.5328125 0.00859375 0.0390625
2 0.6390625 0.521875 0.00625 0.028125
2 0.27109375 0.53671875 0.00546875 0.028125
2 0.18046875 0.54921875 0.00703125 0.040625
2 0.21484375 0.54609375 0.00625 0.0375
2 0.0796875 0.5484375 0.01015625 0.05078125
2 0.0671875 0.54609375 0.0078125 0.05078125
2 0.62109375 0.5125 0.00546875 0.02265625
0 0.540625 0.50234375 0.02109375 0.0296875
2 0.6046875 0.51484375 0.0078125 0.02734375
2 0.59296875 0.50859375 0.00546875 0.0234375
1 0.58125 0.465625 0.01015625 0.021875
2 0.3953125 0.5140625 0.00546875 0.01953125
2 0.296875 0.52890625 0.00625 0.0359375
2 0.3609375 0.52109375 0.00703125 0.01875
2 0.7234375 0.5421875 0.01484375 0.05859375
2 0.6109375 0.5140625 0.00546875 0.02734375
2 0.33671875 0.5265625 0.00546875 0.02421875
0 0.4828125 0.5015625 0.03984375 0.02734375
2 0.40859375 0.5140625 0.00703125 0.01875
0 0.40078125 0.50234375 0.02109375 0.02265625
0 0.70390625 0.50390625 0.0296875 0.02578125