1 0.84453125 0.303125 0.0546875 0.12265625
2 0.628125 0.47578125 0.00625 0.02890625
2 0.65546875 0.478125 0.009375 0.03828125
2 0.67265625 0.48828125 0.0109375 0.04375
0 0.54609375 0.46640625 0.0234375 0.034375
2 0.61640625 0.4703125 0.00546875 0.021875
2 0.59921875 0.46796875 0.00546875 0.01953125
1 0.578125 0.42890625 0.00859375 0.01796875
0 0.475 0.47109375 0.0359375 0.02578125
2 0.5953125 0.4671875 0.00625 0.01796875
1 0.58515625 0.434375 0.0078125 0.02734375
0 0.28984375 0.515625 0.11484375 0.13984375
0 0.2046875 0.5203125 0.065625 0.059375
2 0.7234375 0.49765625 0.01796875 0.0640625
2 0.5875 0.4625 0.0046875 0.0171875
0 0.4953125 0.46640625 0.01796875 0.02421875
2 0.60859375 0.46875 0.00859375 0.02421875
0 0.14609375 0.5328125 0.04375 0.040625
0 0.0375 0.5515625 0.02109375 0.03046875
2 0.5828125 0.46328125 0.00625 0.01640625
0 0.23046875 0.50546875 0.0296875 0.0296875