0 0.528125 0.5109375 0.01875 0.0234375
2 0.68515625 0.54921875 0.00859375 0.040625
2 0.66328125 0.5484375 0.01015625 0.0390625
2 0.63671875 0.5375 0.00859375 0.034375
2 0.6203125 0.5296875 0.00703125 0.03125
2 0.27578125 0.525 0.00546875 0.0296875
2 0.696875 0.5578125 0.00859375 0.04921875
2 0.70546875 0.5484375 0.00703125 0.0359375
2 0.3078125 0.52109375 0.00703125 0.028125
2 0.17265625 0.53203125 0.0078125 0.04296875
0 0.9125 0.54609375 0.1546875 0.08671875
1 0.6015625 0.4578125 0.01484375 0.03203125
2 0.1984375 0.525 0.00703125 0.03046875
2 0.48359375 0.51484375 0.0046875 0.01484375
2 0.32421875 0.521875 0.0046875 0.0234375
0 0.44375 0.50390625 0.0328125 0.0421875
0 0.478125 0.50703125 0.01328125 0.0234375
2 0.0234375 0.54140625 0.0125 0.0609375