2 0.70390625 0.54921875 0.01171875 0.06015625
2 0.65703125 0.52734375 0.00859375 0.04765625
2 0.21328125 0.53046875 0.00703125 0.03046875
2 0.178125 0.52890625 0.01171875 0.04296875
2 0.8890625 0.584375 0.01171875 0.0859375
2 0.78515625 0.5734375 0.02109375 0.0859375
0 0.5109375 0.50078125 0.01953125 0.02265625
1 0.61796875 0.4234375 0.021875 0.04296875
2 0.10234375 0.53671875 0.00859375 0.05546875
2 0.8453125 0.58125 0.01171875 0.0859375
2 0.72109375 0.51015625 0.0109375 0.034375
2 0.2296875 0.51328125 0.00546875 0.02421875
0 0.3421875 0.49609375 0.0546875 0.08046875
2 0.965625 0.621875 0.0171875 0.14140625
2 0.203125 0.52265625 0.0078125 0.02265625
0 0.3890625 0.4953125 0.0484375 0.0640625
0 0.46015625 0.496875 0.01484375 0.02578125
2 0.69140625 0.5171875 0.00859375 0.028125
2 0.8578125 0.86796875 0.009375 0.03828125
2 0.30859375 0.51328125 0.0078125 0.03203125
2 0.68515625 0.5078125 0.01015625 0.02421875
2 0.54375 0.50625 0.0078125 0.0125