2 0.63671875 0.53046875 0.00703125 0.03984375
1 0.5953125 0.46953125 0.0125 0.0265625
2 0.6125 0.52265625 0.00703125 0.02890625
2 0.3125 0.51328125 0.00546875 0.02578125
2 0.6515625 0.528125 0.0078125 0.03671875
2 0.1578125 0.52265625 0.00703125 0.04140625
2 0.1984375 0.5203125 0.00625 0.040625
2 0.62421875 0.528125 0.0078125 0.03359375
2 0.36328125 0.5109375 0.00625 0.0203125
2 0.76171875 0.58203125 0.01015625 0.0734375
2 0.0078125 0.53359375 0.009375 0.06015625
0 0.53984375 0.50703125 0.0203125 0.025
2 0.9875 0.646875 0.01796875 0.11875
2 0.38125 0.51015625 0.00625 0.01875
2 0.25625 0.521875 0.00625 0.0171875
2 0.60859375 0.51875 0.00703125 0.02734375
2 0.6921875 0.56015625 0.0140625 0.04609375
0 0.4765625 0.49921875 0.01953125 0.03125
2 0.32109375 0.51015625 0.00546875 0.01796875