2 0.3234375 0.53359375 0.009375 0.05859375
2 0.35859375 0.52265625 0.00625 0.0390625
2 0.84921875 0.53515625 0.00859375 0.04921875
2 0.7875 0.52890625 0.01015625 0.03828125
2 0.21953125 0.55859375 0.009375 0.06875
2 0.184375 0.559375 0.009375 0.0671875
2 0.2640625 0.55546875 0.01796875 0.0671875
2 0.77265625 0.521875 0.00703125 0.02265625
2 0.75859375 0.52890625 0.009375 0.03125
2 0.1578125 0.58359375 0.03125 0.1109375
2 0.68125 0.51484375 0.00625 0.02578125
0 0.4890625 0.50078125 0.01875 0.0234375
0 0.53828125 0.49921875 0.01484375 0.02421875
1 0.39140625 0.42734375 0.0203125 0.0421875
0 0.59921875 0.49765625 0.04375 0.05703125
2 0.9953125 0.5515625 0.00859375 0.05078125
0 0.64765625 0.4984375 0.05859375 0.06875