2 0.6765625 0.53359375 0.009375 0.05859375
2 0.64140625 0.52265625 0.00625 0.0390625
2 0.15078125 0.53515625 0.00859375 0.04921875
2 0.2125 0.52890625 0.01015625 0.03828125
2 0.78046875 0.55859375 0.009375 0.06875
2 0.815625 0.559375 0.009375 0.0671875
2 0.7359375 0.55546875 0.01796875 0.0671875
2 0.22734375 0.521875 0.00703125 0.02265625
2 0.24140625 0.52890625 0.009375 0.03125
2 0.8421875 0.58359375 0.03125 0.1109375
2 0.31875 0.51484375 0.00625 0.02578125
0 0.5109375 0.50078125 0.01875 0.0234375
0 0.46171875 0.49921875 0.01484375 0.02421875
1 0.60859375 0.42734375 0.0203125 0.0421875
0 0.40078125 0.49765625 0.04375 0.05703125
2 0.0046875 0.5515625 0.00859375 0.05078125
0 0.35234375 0.4984375 0.05859375 0.06875