2 0.359375 0.534375 0.00703125 0.03828125
2 0.34609375 0.53125 0.00625 0.03203125
2 0.3859375 0.52109375 0.00625 0.03046875
1 0.40390625 0.4671875 0.0125 0.02734375
2 0.37109375 0.5265625 0.00703125 0.03828125
2 0.215625 0.59140625 0.01875 0.0828125
2 0.64375 0.50859375 0.00546875 0.021875
2 0.29921875 0.56015625 0.01328125 0.0546875
2 0.6984375 0.51328125 0.00546875 0.025
2 0.39375 0.51796875 0.00546875 0.02734375
2 0.825 0.51875 0.00546875 0.04296875
2 0.87109375 0.521875 0.00625 0.0453125
2 0.68828125 0.51015625 0.0046875 0.01640625
0 0.46171875 0.50625 0.0171875 0.02265625
0 0.525 0.4984375 0.0203125 0.03203125