2 0.6484375 0.528125 0.00703125 0.03515625
2 0.6890625 0.5359375 0.0078125 0.03984375
2 0.63046875 0.5203125 0.00546875 0.02578125
2 0.16953125 0.54609375 0.00703125 0.0375
2 0.1609375 0.54609375 0.00546875 0.03671875
2 0.27109375 0.54609375 0.00546875 0.028125
2 0.60859375 0.5140625 0.0046875 0.0234375
0 0.54765625 0.5046875 0.021875 0.03359375
1 0.58359375 0.46953125 0.01015625 0.02109375
2 0.7234375 0.5515625 0.01484375 0.06015625
2 0.2453125 0.55234375 0.0046875 0.02421875
2 0.59453125 0.51015625 0.00546875 0.02109375
2 0.62109375 0.51328125 0.0046875 0.01484375
2 0.41171875 0.5203125 0.0046875 0.01484375
0 0.16640625 0.53046875 0.05625 0.05625
0 0.4921875 0.503125 0.01796875 0.02578125
2 0.84609375 0.58359375 0.0140625 0.10234375
1 0.5921875 0.4765625 0.00625 0.01640625
0 0.07578125 0.58984375 0.14921875 0.32421875
0 0.44375 0.509375 0.03046875 0.02265625
2 0.38125 0.521875 0.00625 0.02578125