2 0.31328125 0.53984375 0.00703125 0.0390625
2 0.36875 0.52265625 0.00546875 0.02578125
2 0.3515625 0.53046875 0.00625 0.0359375
2 0.28125 0.55390625 0.01015625 0.05390625
2 0.74609375 0.55 0.00703125 0.0375
0 0.45078125 0.51015625 0.021875 0.03125
2 0.72109375 0.54765625 0.00703125 0.03515625
2 0.38984375 0.5171875 0.00546875 0.0234375
1 0.41484375 0.475 0.009375 0.0203125
0 0.54921875 0.51328125 0.03203125 0.02265625
2 0.38125 0.51796875 0.0046875 0.0171875
2 0.40546875 0.51328125 0.0046875 0.021875
2 0.3953125 0.5171875 0.00625 0.021875
0 0.8 0.5375 0.025 0.0375
0 0.50546875 0.509375 0.01796875 0.0234375
0 0.89921875 0.58046875 0.1984375 0.278125
2 0.68359375 0.54140625 0.00625 0.02421875
1 0.53515625 0.48984375 0.00859375 0.0171875