0 0.45234375 0.50703125 0.0234375 0.03359375
2 0.3609375 0.52734375 0.00625 0.0296875
2 0.32734375 0.534375 0.0078125 0.0328125
2 0.303125 0.546875 0.0109375 0.046875
0 0.54453125 0.5078125 0.0390625 0.0234375
2 0.39453125 0.51640625 0.0046875 0.0203125
2 0.37578125 0.51875 0.00546875 0.02109375
2 0.934375 0.5515625 0.00546875 0.03828125
1 0.0296875 0.31875 0.05703125 0.1671875
1 0.41796875 0.47265625 0.009375 0.01953125
2 0.7078125 0.540625 0.00625 0.03125
0 0.50703125 0.5046875 0.021875 0.02421875
0 0.809375 0.553125 0.1875 0.19453125
2 0.61015625 0.528125 0.0046875 0.01484375
2 0.22578125 0.56640625 0.0234375 0.08203125