0 0.2453125 0.4984375 0.11328125 0.13046875
0 0.3421875 0.49609375 0.0734375 0.09453125
2 0.71875 0.5484375 0.0140625 0.07421875
2 0.74296875 0.5296875 0.009375 0.0390625
0 0.51328125 0.503125 0.01796875 0.0234375
2 0.10703125 0.53359375 0.009375 0.05
2 0.83828125 0.5984375 0.03203125 0.1171875
2 0.17890625 0.51796875 0.0078125 0.03046875
2 0.1203125 0.521875 0.00859375 0.0359375
2 0.0390625 0.53984375 0.0171875 0.0640625
2 0.64921875 0.40703125 0.02578125 0.05546875
2 0.55 0.51015625 0.0078125 0.01640625
2 0.5296875 0.50859375 0.00859375 0.0140625
0 0.459375 0.50078125 0.0125 0.02109375