2 0.3484375 0.5390625 0.00859375 0.0421875
2 0.3640625 0.5359375 0.00859375 0.03515625
2 0.6578125 0.51640625 0.00546875 0.0234375
2 0.878125 0.5296875 0.00703125 0.046875
2 0.3796875 0.5265625 0.00625 0.02890625
1 0.40078125 0.46640625 0.0125 0.02734375
2 0.9359375 0.53359375 0.00703125 0.05078125
2 0.7203125 0.5203125 0.00546875 0.02890625
0 0.4625 0.50859375 0.01953125 0.025
2 0.27109375 0.56640625 0.0125 0.0546875
2 0.33515625 0.5296875 0.0078125 0.04453125
2 0.7078125 0.51640625 0.0046875 0.025
2 0.6375 0.51484375 0.00625 0.021875
2 0.79609375 0.52890625 0.00546875 0.02109375
2 0.38984375 0.52421875 0.00703125 0.025
2 0.50234375 0.51328125 0.00625 0.01328125
0 0.5296875 0.50234375 0.02265625 0.034375
2 0.56875 0.509375 0.00546875 0.01328125
2 0.33671875 0.5140625 0.00625 0.01796875
2 0.13984375 0.61328125 0.028125 0.1125
2 0.55625 0.51171875 0.00625 0.01171875
0 0.6015625 0.50234375 0.0359375 0.03984375
1 0.4015625 0.49453125 0.01171875 0.07578125
2 0.40546875 0.5171875 0.00625 0.02109375
0 0.090625 0.534375 0.1046875 0.0609375
0 0.359375 0.5140625 0.0265625 0.025
0 0.209375 0.54140625 0.0828125 0.0484375