2 0.76328125 0.57578125 0.0125 0.0625
0 0.15703125 0.503125 0.17890625 0.1796875
0 0.31484375 0.49765625 0.0953125 0.109375
0 0.51640625 0.50546875 0.015625 0.0234375
2 0.77421875 0.5375 0.009375 0.0421875
2 0.66953125 0.40078125 0.02890625 0.06640625
2 0.61875 0.5203125 0.0109375 0.02890625
2 0.96796875 0.6453125 0.04296875 0.15546875
2 0.5703125 0.51484375 0.00625 0.01640625
0 0.46171875 0.50234375 0.01484375 0.02109375
2 0.04453125 0.53203125 0.0078125 0.0734375
2 0.5359375 0.509375 0.00546875 0.0125