2 0.6421875 0.528125 0.00625 0.0328125
0 0.5484375 0.50625 0.02265625 0.03125
2 0.6265625 0.51953125 0.00546875 0.025
2 0.67734375 0.5359375 0.009375 0.0375
2 0.60703125 0.51640625 0.0046875 0.021875
0 0.4546875 0.509375 0.0359375 0.01953125
2 0.70390625 0.5484375 0.0140625 0.05
2 0.59140625 0.5109375 0.0046875 0.0203125
0 0.49453125 0.5046875 0.0203125 0.02421875
2 0.28828125 0.54921875 0.0046875 0.01875
1 0.58359375 0.47109375 0.00859375 0.015625
2 0.265625 0.5484375 0.00546875 0.02734375
0 0.15390625 0.5609375 0.21875 0.21796875
2 0.38984375 0.5265625 0.00546875 0.01640625
2 0.790625 0.57109375 0.0234375 0.09140625
0 0.66875 0.50859375 0.021875 0.01875
0 0.53515625 0.50703125 0.00703125 0.01484375
2 0.43046875 0.51875 0.0078125 0.0125