0 0.471875 0.5109375 0.01875 0.0234375
2 0.31484375 0.54921875 0.00859375 0.040625
2 0.33671875 0.5484375 0.01015625 0.0390625
2 0.36328125 0.5375 0.00859375 0.034375
2 0.3796875 0.5296875 0.00703125 0.03125
2 0.72421875 0.525 0.00546875 0.0296875
2 0.303125 0.5578125 0.00859375 0.04921875
2 0.29453125 0.5484375 0.00703125 0.0359375
2 0.6921875 0.52109375 0.00703125 0.028125
2 0.82734375 0.53203125 0.0078125 0.04296875
0 0.0875 0.54609375 0.1546875 0.08671875
1 0.3984375 0.4578125 0.01484375 0.03203125
2 0.8015625 0.525 0.00703125 0.03046875
2 0.51640625 0.51484375 0.0046875 0.01484375
2 0.67578125 0.521875 0.0046875 0.0234375
0 0.55625 0.50390625 0.0328125 0.0421875
0 0.521875 0.50703125 0.01328125 0.0234375
2 0.9765625 0.54140625 0.0125 0.0609375