2 0.38125 0.5234375 0.00625 0.03359375
1 0.41484375 0.46953125 0.0109375 0.02421875
2 0.3453125 0.53671875 0.00859375 0.04375
2 0.3078125 0.5515625 0.01015625 0.053125
2 0.38984375 0.51796875 0.00625 0.03125
2 0.9 0.5375 0.0078125 0.04609375
2 0.3703125 0.5234375 0.00625 0.02578125
2 0.85078125 0.53203125 0.00703125 0.046875
2 0.61875 0.5125 0.00546875 0.01953125
2 0.4046875 0.51484375 0.00546875 0.02578125
2 0.73984375 0.52109375 0.00546875 0.03359375
2 0.603125 0.5109375 0.0046875 0.01640625
2 0.659375 0.51484375 0.00546875 0.021875
2 0.76875 0.52421875 0.00625 0.03359375
0 0.5203125 0.50078125 0.01953125 0.028125
2 0.04765625 0.6421875 0.01796875 0.12109375
0 0.4625 0.50234375 0.01796875 0.021875
2 0.215625 0.5765625 0.01953125 0.078125
0 0.6078125 0.49765625 0.0203125 0.028125