2 0.35390625 0.5265625 0.00703125 0.040625
2 0.31484375 0.53984375 0.01171875 0.05625
2 0.8640625 0.5359375 0.0078125 0.0484375
2 0.16328125 0.56640625 0.01015625 0.07265625
2 0.7671875 0.52890625 0.00703125 0.03125
2 0.2 0.5640625 0.009375 0.075
2 0.24921875 0.5609375 0.01640625 0.07265625
2 0.759375 0.51640625 0.00546875 0.0203125
0 0.4890625 0.50078125 0.01953125 0.02421875
2 0.79765625 0.52890625 0.009375 0.0375
2 0.684375 0.51640625 0.00703125 0.0234375
2 0.7796875 0.521875 0.00703125 0.0234375
1 0.3890625 0.4265625 0.0203125 0.04375
0 0.5390625 0.49765625 0.0140625 0.02421875
0 0.603125 0.4953125 0.04453125 0.06171875
0 0.65 0.49765625 0.05390625 0.07109375
2 0.12578125 0.5921875 0.0390625 0.125