0 0.534375 0.509375 0.01875 0.025
2 0.31640625 0.51875 0.00546875 0.02421875
2 0.646875 0.53828125 0.00859375 0.0421875
2 0.66796875 0.5453125 0.01015625 0.046875
2 0.6265625 0.5328125 0.0078125 0.03359375
2 0.34140625 0.51796875 0.00625 0.021875
2 0.61484375 0.52578125 0.00703125 0.03125
2 0.23984375 0.52421875 0.00703125 0.03125
2 0.25546875 0.5203125 0.00546875 0.028125
2 0.68046875 0.54609375 0.00703125 0.03203125
0 0.80234375 0.540625 0.04765625 0.059375
0 0.94140625 0.54453125 0.11328125 0.07578125
2 0.0171875 0.54140625 0.009375 0.05
1 0.60078125 0.4640625 0.01328125 0.03125
2 0.353125 0.5171875 0.00703125 0.01875
0 0.48515625 0.50546875 0.01328125 0.02265625
2 0.7828125 0.58515625 0.01328125 0.06953125
2 0.1421875 0.53046875 0.0109375 0.03828125
2 0.4953125 0.51328125 0.00546875 0.0140625
0 0.3875 0.50234375 0.05703125 0.04375
0 0.46015625 0.5015625 0.0265625 0.0375