2 0.640625 0.534375 0.00703125 0.03828125
2 0.65390625 0.53125 0.00625 0.03203125
2 0.6140625 0.52109375 0.00625 0.03046875
1 0.59609375 0.4671875 0.0125 0.02734375
2 0.62890625 0.5265625 0.00703125 0.03828125
2 0.784375 0.59140625 0.01875 0.0828125
2 0.35625 0.50859375 0.00546875 0.021875
2 0.70078125 0.56015625 0.01328125 0.0546875
2 0.3015625 0.51328125 0.00546875 0.025
2 0.60625 0.51796875 0.00546875 0.02734375
2 0.175 0.51875 0.00546875 0.04296875
2 0.12890625 0.521875 0.00625 0.0453125
2 0.31171875 0.51015625 0.0046875 0.01640625
0 0.53828125 0.50625 0.0171875 0.02265625
0 0.475 0.4984375 0.0203125 0.03203125