2 0.65546875 0.53671875 0.009375 0.0453125
2 0.63046875 0.525 0.00703125 0.0359375
2 0.20625 0.53515625 0.0078125 0.0359375
2 0.7296875 0.55390625 0.0078125 0.05234375
2 0.25390625 0.52578125 0.00859375 0.0359375
2 0.69765625 0.55078125 0.01171875 0.0515625
2 0.04765625 0.55 0.009375 0.05390625
2 0.09375 0.53984375 0.01015625 0.04453125
1 0.603125 0.4421875 0.0171875 0.04140625
0 0.515625 0.50625 0.01953125 0.0234375
0 0.36796875 0.503125 0.0640625 0.0609375
2 0.271875 0.52578125 0.0078125 0.025
0 0.98125 0.546875 0.0375 0.1078125
2 0.759375 0.56484375 0.0109375 0.0765625
0 0.41796875 0.50234375 0.03984375 0.05234375
2 0.33671875 0.5234375 0.00703125 0.0171875
2 0.61953125 0.5171875 0.00625 0.025
0 0.46640625 0.5046875 0.01484375 0.0265625