2 0.6796875 0.534375 0.0109375 0.06328125
0 0.51171875 0.5015625 0.01875 0.0234375
2 0.12265625 0.534375 0.01171875 0.05
2 0.16875 0.53203125 0.0109375 0.0390625
2 0.7515625 0.55703125 0.01796875 0.0953125
2 0.7109375 0.52265625 0.01015625 0.03203125
1 0.6296875 0.415625 0.02265625 0.0515625
0 0.3671875 0.49609375 0.0578125 0.0765625
0 0.30546875 0.4984375 0.06953125 0.09609375
2 0.20703125 0.51875 0.00625 0.03046875
2 0.99140625 0.6265625 0.015625 0.1234375
2 0.0171875 0.5453125 0.0109375 0.0640625
0 0.46015625 0.49765625 0.01875 0.02734375
2 0.8859375 0.6109375 0.034375 0.12421875