2 0.35 0.540625 0.00859375 0.0390625
2 0.315625 0.54609375 0.00703125 0.0296875
2 0.384375 0.52734375 0.00625 0.03046875
2 0.32890625 0.55234375 0.009375 0.03984375
2 0.68984375 0.51875 0.00546875 0.02734375
2 0.3734375 0.53359375 0.00859375 0.03125
2 0.76953125 0.525 0.00546875 0.03515625
2 0.87734375 0.5359375 0.00625 0.03671875
0 0.4671875 0.509375 0.01796875 0.02421875
1 0.3984375 0.46328125 0.01328125 0.03125
2 0.66328125 0.51953125 0.00625 0.02109375
2 0.65078125 0.51875 0.00625 0.01875
2 0.334375 0.5375 0.00703125 0.03828125
2 0.7515625 0.5203125 0.00625 0.0265625
2 0.2015625 0.59140625 0.0140625 0.0734375
0 0.6125 0.50234375 0.06015625 0.04375
2 0.4328125 0.51796875 0.0046875 0.0125
2 0.7703125 0.51015625 0.0046875 0.01875
0 0.54140625 0.503125 0.02734375 0.03671875
0 0.05078125 0.5484375 0.10078125 0.075
2 0.50625 0.51484375 0.00546875 0.0109375
0 0.515625 0.50546875 0.0125 0.021875
2 0.1921875 0.9078125 0.009375 0.03515625
0 0.18828125 0.5421875 0.0484375 0.0609375
2 0.32578125 0.515625 0.009375 0.01875
2 0.3859375 0.51484375 0.00625 0.01640625