2 0.61875 0.5234375 0.00625 0.03359375
1 0.58515625 0.46953125 0.0109375 0.02421875
2 0.6546875 0.53671875 0.00859375 0.04375
2 0.6921875 0.5515625 0.01015625 0.053125
2 0.61015625 0.51796875 0.00625 0.03125
2 0.1 0.5375 0.0078125 0.04609375
2 0.6296875 0.5234375 0.00625 0.02578125
2 0.14921875 0.53203125 0.00703125 0.046875
2 0.38125 0.5125 0.00546875 0.01953125
2 0.5953125 0.51484375 0.00546875 0.02578125
2 0.26015625 0.52109375 0.00546875 0.03359375
2 0.396875 0.5109375 0.0046875 0.01640625
2 0.340625 0.51484375 0.00546875 0.021875
2 0.23125 0.52421875 0.00625 0.03359375
0 0.4796875 0.50078125 0.01953125 0.028125
2 0.95234375 0.6421875 0.01796875 0.12109375
0 0.5375 0.50234375 0.01796875 0.021875
2 0.784375 0.5765625 0.01953125 0.078125
0 0.3921875 0.49765625 0.0203125 0.028125