2 0.328125 0.5421875 0.00625 0.0359375
2 0.278125 0.56484375 0.009375 0.05390625
2 0.38203125 0.52578125 0.00703125 0.0296875
2 0.371875 0.52890625 0.0078125 0.03125
1 0.409375 0.46875 0.01171875 0.02578125
2 0.76484375 0.52265625 0.0046875 0.0359375
2 0.625 0.5125 0.00625 0.0203125
2 0.90546875 0.5359375 0.0078125 0.05546875
2 0.3921875 0.51953125 0.00546875 0.02265625
2 0.79921875 0.52421875 0.00625 0.0421875
2 0.359375 0.52890625 0.00546875 0.01953125
2 0.61015625 0.5125 0.0046875 0.01640625
2 0.9703125 0.5390625 0.00859375 0.05625
2 0.14375 0.603125 0.01796875 0.08125
0 0.46015625 0.50546875 0.01875 0.02421875
2 0.39921875 0.515625 0.0046875 0.025
0 0.5203125 0.50078125 0.01875 0.028125
2 0.6703125 0.5140625 0.00546875 0.0234375