0 0.7546875 0.4984375 0.11328125 0.13046875
0 0.6578125 0.49609375 0.0734375 0.09453125
2 0.28125 0.5484375 0.0140625 0.07421875
2 0.25703125 0.5296875 0.009375 0.0390625
0 0.48671875 0.503125 0.01796875 0.0234375
2 0.89296875 0.53359375 0.009375 0.05
2 0.16171875 0.5984375 0.03203125 0.1171875
2 0.82109375 0.51796875 0.0078125 0.03046875
2 0.8796875 0.521875 0.00859375 0.0359375
2 0.9609375 0.53984375 0.0171875 0.0640625
2 0.35078125 0.40703125 0.02578125 0.05546875
2 0.45 0.51015625 0.0078125 0.01640625
2 0.4703125 0.50859375 0.00859375 0.0140625
0 0.540625 0.50078125 0.0125 0.02109375