1 0.40625 0.47265625 0.01328125 0.03203125
2 0.36640625 0.53046875 0.00703125 0.03515625
2 0.81875 0.528125 0.00703125 0.03515625
2 0.37734375 0.52421875 0.00703125 0.0359375
2 0.31875 0.54921875 0.01015625 0.046875
2 0.67734375 0.51640625 0.0046875 0.02265625
2 0.3890625 0.52109375 0.00625 0.028125
0 0.459375 0.50703125 0.01953125 0.0265625
2 0.353125 0.53125 0.00625 0.025
2 0.6296875 0.5140625 0.00546875 0.0203125
2 0.78046875 0.52265625 0.0046875 0.0375
2 0.61328125 0.5125 0.00625 0.0171875
2 0.94296875 0.5375 0.00625 0.0546875
2 0.73046875 0.52578125 0.0046875 0.01640625
2 0.26015625 0.5578125 0.01484375 0.08984375
0 0.50625 0.5046875 0.01171875 0.0234375
2 0.0875 0.61875 0.01875 0.1015625
0 0.52109375 0.5015625 0.01875 0.03046875
2 0.44140625 0.51328125 0.00546875 0.01328125
1 0.0640625 0.5015625 0.08828125 0.36953125
0 0.471875 0.50859375 0.009375 0.01953125