2 0.63984375 0.53203125 0.0078125 0.04140625
2 0.653125 0.5265625 0.00703125 0.03671875
2 0.14453125 0.521875 0.00625 0.0421875
1 0.59609375 0.4671875 0.0125 0.02734375
2 0.61328125 0.5203125 0.00625 0.02890625
2 0.3609375 0.509375 0.0046875 0.0234375
2 0.1875 0.5203125 0.00625 0.04140625
0 0.5390625 0.50546875 0.01953125 0.02578125
2 0.30859375 0.5125 0.0046875 0.028125
2 0.62734375 0.525 0.00859375 0.03671875
2 0.77265625 0.58515625 0.01796875 0.07890625
2 0.3796875 0.5078125 0.00625 0.0203125
2 0.59296875 0.51328125 0.0046875 0.02109375
2 0.7625 0.540625 0.00703125 0.03203125
2 0.69609375 0.5578125 0.01484375 0.05078125
0 0.4921875 0.5015625 0.0125 0.02421875
0 0.4765625 0.4984375 0.0203125 0.03203125
2 0.5609375 0.51171875 0.00625 0.015625
2 0.44921875 0.5078125 0.00546875 0.01015625
0 0.4015625 0.5 0.02109375 0.03046875
2 0.246875 0.52265625 0.009375 0.01484375
2 0.60625 0.51640625 0.00546875 0.0234375
2 0.65703125 0.5109375 0.00625 0.01328125
2 0.775 0.56640625 0.009375 0.0421875