2 0.74609375 0.5609375 0.01328125 0.07578125
0 0.51484375 0.50546875 0.01640625 0.0234375
2 0.7625 0.5359375 0.00859375 0.03984375
2 0.06640625 0.5375 0.0125 0.0609375
2 0.8015625 0.52734375 0.0109375 0.04921875
1 0.6609375 0.39921875 0.02734375 0.0515625
2 0.09140625 0.52578125 0.009375 0.0375
0 0.1953125 0.50078125 0.15546875 0.16171875
0 0.3234375 0.496875 0.08671875 0.10390625
2 0.778125 0.53203125 0.0078125 0.0359375
2 0.05703125 0.52265625 0.00859375 0.0328125
2 0.56875 0.5125 0.00625 0.01875
2 0.60859375 0.51328125 0.0046875 0.02109375
2 0.71484375 0.521875 0.01171875 0.0171875
2 0.5515625 0.5125 0.00703125 0.01484375
2 0.91640625 0.62265625 0.0234375 0.12734375
2 0.01171875 0.51484375 0.00625 0.0125