2 0.33515625 0.53359375 0.009375 0.05390625
2 0.36484375 0.5234375 0.00625 0.03828125
2 0.2484375 0.55390625 0.00859375 0.06171875
2 0.21796875 0.553125 0.01015625 0.0625
2 0.8203125 0.53515625 0.00859375 0.04296875
2 0.76640625 0.52890625 0.009375 0.0390625
2 0.284375 0.55078125 0.0140625 0.0609375
0 0.4859375 0.503125 0.01875 0.02421875
2 0.2046875 0.571875 0.0125 0.090625
2 0.94921875 0.54453125 0.01171875 0.04453125
1 0.39453125 0.434375 0.01796875 0.0421875
2 0.75625 0.51875 0.00703125 0.0265625
2 0.74140625 0.5296875 0.00703125 0.02421875
0 0.590625 0.49921875 0.040625 0.0546875
0 0.5359375 0.5015625 0.0140625 0.02578125
2 0.671875 0.51796875 0.00546875 0.028125
0 0.63828125 0.50078125 0.05703125 0.06484375