0 0.91640625 0.53359375 0.12734375 0.0796875
2 0.3625 0.51640625 0.00625 0.03359375
2 0.3390625 0.5265625 0.0078125 0.04140625
2 0.3890625 0.509375 0.00625 0.028125
1 0.41640625 0.4625 0.01015625 0.02109375
2 0.7671875 0.54765625 0.00546875 0.02890625
2 0.71484375 0.53671875 0.00546875 0.02421875
0 0.45625 0.50078125 0.02109375 0.03046875
0 0.5140625 0.49921875 0.028125 0.02578125
2 0.6328125 0.51953125 0.00625 0.0234375
2 0.40546875 0.50625 0.00625 0.02265625
0 0.5734375 0.50234375 0.040625 0.028125
2 0.59921875 0.51640625 0.00703125 0.01640625
2 0.23046875 0.559375 0.0203125 0.0765625
2 0.3953125 0.51015625 0.00625 0.02734375
2 0.2859375 0.53515625 0.015625 0.0546875
2 0.69296875 0.53359375 0.00703125 0.02265625
2 0.5875 0.51328125 0.00546875 0.015625
0 0.5921875 0.50234375 0.01796875 0.02265625
0 0.29765625 0.5015625 0.03671875 0.02734375