2 0.70703125 0.5578125 0.009375 0.04765625
2 0.6234375 0.521875 0.00625 0.0328125
2 0.66328125 0.540625 0.0078125 0.0390625
2 0.21640625 0.52421875 0.00546875 0.0328125
2 0.6359375 0.521875 0.00546875 0.028125
0 0.5390625 0.503125 0.01953125 0.028125
2 0.121875 0.53203125 0.00859375 0.05078125
2 0.06484375 0.534375 0.009375 0.0515625
2 0.2484375 0.52109375 0.00546875 0.034375
2 0.33515625 0.5109375 0.00625 0.0265625
2 0.5984375 0.51484375 0.00546875 0.02578125
2 0.378125 0.51015625 0.00625 0.01796875
2 0.39375 0.509375 0.00625 0.0171875
2 0.815625 0.59140625 0.02265625 0.0734375
0 0.4921875 0.50078125 0.01171875 0.0234375
1 0.58828125 0.48515625 0.0109375 0.05859375
0 0.47890625 0.49765625 0.0171875 0.02890625
2 0.60859375 0.51640625 0.00859375 0.02109375
1 0.58671875 0.46953125 0.00859375 0.01953125
0 0.01484375 0.50859375 0.02734375 0.0640625
1 0.4328125 0.4765625 0.0078125 0.01875