2 0.34765625 0.49609375 0.00703125 0.0328125
2 0.37421875 0.490625 0.00625 0.02578125
0 0.45 0.471875 0.0234375 0.034375
2 0.334375 0.5078125 0.01171875 0.03671875
0 0.5125 0.4671875 0.0375 0.025
1 0.18125 0.353125 0.046875 0.10234375
0 0.91328125 0.49921875 0.17265625 0.3515625
0 0.6828125 0.4875 0.096875 0.1140625
2 0.403125 0.48203125 0.00703125 0.01953125
2 0.2921875 0.51796875 0.0171875 0.0609375
1 0.41875 0.43828125 0.009375 0.01953125
2 0.384375 0.4859375 0.00703125 0.0203125
2 0.39921875 0.47734375 0.00546875 0.0203125
2 0.59765625 0.48125 0.00390625 0.01484375
0 0.77421875 0.475 0.07734375 0.04453125