0 0.8765625 0.5 0.246875 0.2890625
0 0.6625 0.48828125 0.084375 0.10625
0 0.4484375 0.484375 0.025 0.04375
0 0.50390625 0.47421875 0.03515625 0.03515625
1 0.20625 0.38515625 0.0421875 0.0984375
1 0.4171875 0.45078125 0.01015625 0.021875
2 0.33984375 0.51875 0.01171875 0.0453125
2 0.3515625 0.50390625 0.00703125 0.0390625
2 0.30546875 0.52421875 0.0125 0.06484375
2 0.375 0.49765625 0.00546875 0.03125
2 0.38515625 0.49375 0.0046875 0.0234375
2 0.40390625 0.4875 0.00546875 0.0171875
2 0.01796875 0.6203125 0.02265625 0.1359375
2 0.3609375 0.49765625 0.00703125 0.03046875