0 0.465625 0.509375 0.01875 0.025
2 0.68359375 0.51875 0.00546875 0.02421875
2 0.353125 0.53828125 0.00859375 0.0421875
2 0.33203125 0.5453125 0.01015625 0.046875
2 0.3734375 0.5328125 0.0078125 0.03359375
2 0.65859375 0.51796875 0.00625 0.021875
2 0.38515625 0.52578125 0.00703125 0.03125
2 0.76015625 0.52421875 0.00703125 0.03125
2 0.74453125 0.5203125 0.00546875 0.028125
2 0.31953125 0.54609375 0.00703125 0.03203125
0 0.19765625 0.540625 0.04765625 0.059375
0 0.05859375 0.54453125 0.11328125 0.07578125
2 0.9828125 0.54140625 0.009375 0.05
1 0.39921875 0.4640625 0.01328125 0.03125
2 0.646875 0.5171875 0.00703125 0.01875
0 0.51484375 0.50546875 0.01328125 0.02265625
2 0.2171875 0.58515625 0.01328125 0.06953125
2 0.8578125 0.53046875 0.0109375 0.03828125
2 0.5046875 0.51328125 0.00546875 0.0140625
0 0.6125 0.50234375 0.05703125 0.04375
0 0.53984375 0.5015625 0.0265625 0.0375