2 0.6671875 0.53359375 0.01015625 0.05625
2 0.190625 0.53203125 0.00859375 0.0328125
2 0.0578125 0.54140625 0.01875 0.06328125
2 0.15078125 0.53203125 0.0125 0.04453125
0 0.5109375 0.50078125 0.01796875 0.02421875
2 0.72578125 0.55546875 0.0109375 0.06484375
2 0.91015625 0.6 0.01171875 0.10390625
2 0.96171875 0.6046875 0.01328125 0.10390625
2 0.83046875 0.59140625 0.025 0.096875
1 0.6234375 0.41796875 0.021875 0.04296875
0 0.459375 0.4984375 0.0140625 0.021875
0 0.38203125 0.49375 0.05234375 0.071875
0 0.32109375 0.4984375 0.0578125 0.0859375