1 0.58671875 0.46953125 0.0109375 0.0234375
2 0.659375 0.53671875 0.00703125 0.0453125
2 0.62109375 0.521875 0.00625 0.03671875
2 0.7 0.55703125 0.00859375 0.04609375
2 0.1359375 0.53359375 0.00703125 0.0484375
2 0.25390625 0.521875 0.0046875 0.03359375
2 0.59921875 0.51640625 0.00625 0.025
2 0.6328125 0.521875 0.00703125 0.03203125
2 0.22421875 0.5234375 0.00546875 0.0359375
2 0.0828125 0.53515625 0.0078125 0.05390625
2 0.625 0.52421875 0.00703125 0.02890625
2 0.3375 0.5140625 0.00390625 0.02421875
2 0.3796875 0.51171875 0.00546875 0.02109375
0 0.5375 0.5046875 0.02109375 0.02734375
0 0.4796875 0.50078125 0.01953125 0.02890625
0 0.39296875 0.4984375 0.01875 0.028125