2 0.34921875 0.49609375 0.00703125 0.03359375
2 0.3359375 0.50703125 0.0109375 0.0390625
2 0.19296875 0.36640625 0.0453125 0.10078125
1 0.41640625 0.43828125 0.00859375 0.0171875
2 0.37421875 0.48984375 0.00546875 0.02734375
2 0.29765625 0.51953125 0.0171875 0.059375
0 0.50625 0.46328125 0.03671875 0.02578125
0 0.44921875 0.47265625 0.0234375 0.03203125
2 0.38359375 0.48671875 0.00546875 0.021875
0 0.67265625 0.4796875 0.08984375 0.11015625
0 0.89609375 0.4953125 0.20234375 0.33125
2 0.3984375 0.48125 0.00546875 0.01953125
2 0.59453125 0.47421875 0.00546875 0.01640625
0 0.76484375 0.46796875 0.053125 0.04921875