0 0.375 0.50625 0.06640625 0.05546875
2 0.2359375 0.53203125 0.00703125 0.03359375
2 0.70625 0.55546875 0.0078125 0.04609375
2 0.62421875 0.5296875 0.00703125 0.03515625
2 0.64609375 0.53671875 0.0078125 0.04609375
2 0.6796875 0.55234375 0.0109375 0.0484375
2 0.2765625 0.5265625 0.00703125 0.03203125
0 0.52109375 0.51015625 0.01640625 0.02421875
2 0.10546875 0.5421875 0.00703125 0.05
2 0.728125 0.5640625 0.0109375 0.0671875
2 0.296875 0.5296875 0.0046875 0.0203125
1 0.6015625 0.45 0.0171875 0.03671875
0 0.428125 0.50546875 0.03515625 0.04765625
0 0.46953125 0.50859375 0.0140625 0.0234375
2 0.14140625 0.53359375 0.00859375 0.034375
0 0.9421875 0.5484375 0.090625 0.1015625