2 0.915625 0.5515625 0.00859375 0.0453125
2 0.3375 0.53203125 0.00703125 0.0390625
0 0.92578125 0.5359375 0.13046875 0.08125
2 0.3609375 0.521875 0.00625 0.02890625
2 0.9046875 0.55234375 0.01015625 0.04609375
2 0.775 0.5484375 0.00625 0.03359375
2 0.2828125 0.5421875 0.01015625 0.05234375
2 0.38984375 0.5140625 0.00625 0.02734375
2 0.8078125 0.55546875 0.00703125 0.03125
0 0.4578125 0.50234375 0.021875 0.03125
2 0.378125 0.51328125 0.00546875 0.0203125
2 0.40703125 0.509375 0.00546875 0.021875
2 0.6015625 0.5171875 0.00546875 0.01796875
2 0.6984375 0.5375 0.00625 0.02109375
1 0.4171875 0.46640625 0.01015625 0.0203125
2 0.21875 0.56484375 0.0203125 0.07890625
0 0.57578125 0.50625 0.03828125 0.02734375
2 0.634375 0.52265625 0.0078125 0.0203125
0 0.51171875 0.50234375 0.0265625 0.0265625
0 0.3140625 0.5046875 0.03125 0.02578125
0 0.59375 0.5046875 0.01640625 0.0234375
2 0.3953125 0.5125 0.00625 0.028125