2 0.64609375 0.5265625 0.00703125 0.040625
2 0.68515625 0.53984375 0.01171875 0.05625
2 0.1359375 0.5359375 0.0078125 0.0484375
2 0.83671875 0.56640625 0.01015625 0.07265625
2 0.2328125 0.52890625 0.00703125 0.03125
2 0.8 0.5640625 0.009375 0.075
2 0.75078125 0.5609375 0.01640625 0.07265625
2 0.240625 0.51640625 0.00546875 0.0203125
0 0.5109375 0.50078125 0.01953125 0.02421875
2 0.20234375 0.52890625 0.009375 0.0375
2 0.315625 0.51640625 0.00703125 0.0234375
2 0.2203125 0.521875 0.00703125 0.0234375
1 0.6109375 0.4265625 0.0203125 0.04375
0 0.4609375 0.49765625 0.0140625 0.02421875
0 0.396875 0.4953125 0.04453125 0.06171875
0 0.35 0.49765625 0.05390625 0.07109375
2 0.87421875 0.5921875 0.0390625 0.125