0 0.08359375 0.53359375 0.12734375 0.0796875
2 0.6375 0.51640625 0.00625 0.03359375
2 0.6609375 0.5265625 0.0078125 0.04140625
2 0.6109375 0.509375 0.00625 0.028125
1 0.58359375 0.4625 0.01015625 0.02109375
2 0.2328125 0.54765625 0.00546875 0.02890625
2 0.28515625 0.53671875 0.00546875 0.02421875
0 0.54375 0.50078125 0.02109375 0.03046875
0 0.4859375 0.49921875 0.028125 0.02578125
2 0.3671875 0.51953125 0.00625 0.0234375
2 0.59453125 0.50625 0.00625 0.02265625
0 0.4265625 0.50234375 0.040625 0.028125
2 0.40078125 0.51640625 0.00703125 0.01640625
2 0.76953125 0.559375 0.0203125 0.0765625
2 0.6046875 0.51015625 0.00625 0.02734375
2 0.7140625 0.53515625 0.015625 0.0546875
2 0.30703125 0.53359375 0.00703125 0.02265625
2 0.4125 0.51328125 0.00546875 0.015625
0 0.4078125 0.50234375 0.01796875 0.02265625
0 0.70234375 0.5015625 0.03671875 0.02734375