2 0.85078125 0.55546875 0.0078125 0.03984375
2 0.8609375 0.55234375 0.00546875 0.03671875
2 0.365625 0.525 0.00546875 0.028125
2 0.3890625 0.5203125 0.00546875 0.025
2 0.74140625 0.5546875 0.00546875 0.02890625
1 0.415625 0.47265625 0.00859375 0.01875
2 0.7703125 0.56171875 0.00546875 0.0234375
0 0.87578125 0.54140625 0.115625 0.06640625
2 0.6984375 0.54296875 0.00546875 0.02578125
2 0.396875 0.51796875 0.00546875 0.02421875
0 0.45234375 0.51015625 0.021875 0.0328125
2 0.62265625 0.53046875 0.00546875 0.01953125
2 0.3015625 0.54453125 0.0109375 0.0421875
2 0.3453125 0.53515625 0.00625 0.03359375
2 0.40625 0.5140625 0.0046875 0.02109375
2 0.259375 0.559375 0.01640625 0.06875
0 0.5078125 0.509375 0.01796875 0.02421875
2 0.0984375 0.60703125 0.03515625 0.125