2 0.371875 0.4765625 0.00703125 0.03046875
2 0.325 0.48828125 0.01015625 0.04140625
0 0.5328125 0.48125 0.0359375 0.0265625
0 0.45546875 0.47109375 0.02265625 0.034375
2 0.384375 0.47109375 0.00546875 0.02265625
2 0.40234375 0.46953125 0.00546875 0.02265625
1 0.42421875 0.43125 0.009375 0.01875
1 0.14140625 0.2796875 0.059375 0.128125
2 0.34296875 0.4765625 0.0109375 0.03984375
2 0.26953125 0.49453125 0.01953125 0.0703125
2 0.41484375 0.4640625 0.0046875 0.021875
0 0.50703125 0.4734375 0.01796875 0.02265625
2 0.5796875 0.4984375 0.0046875 0.01171875
0 0.7265625 0.53671875 0.125 0.15234375
2 0.3890625 0.4703125 0.00625 0.021875
2 0.60625 0.50625 0.00625 0.01796875
0 0.98203125 0.584375 0.03515625 0.03671875
1 0.403125 0.4328125 0.00859375 0.02109375
0 0.8328125 0.54453125 0.1 0.06015625
2 0.4390625 0.465625 0.009375 0.0171875
2 0.271875 0.48203125 0.0078125 0.040625