2 0.69375 0.54453125 0.0109375 0.05859375
2 0.2234375 0.52890625 0.00703125 0.03203125
2 0.6515625 0.5265625 0.00703125 0.0453125
2 0.11953125 0.534375 0.0078125 0.053125
2 0.190625 0.528125 0.01015625 0.04140625
1 0.6140625 0.425 0.0203125 0.04375
2 0.82109375 0.575 0.009375 0.078125
2 0.86015625 0.57578125 0.01015625 0.0796875
2 0.31171875 0.51484375 0.0046875 0.02265625
2 0.7671875 0.56640625 0.01796875 0.0765625
2 0.2125 0.52109375 0.00703125 0.025
0 0.5109375 0.50078125 0.01875 0.0234375
0 0.34375 0.49765625 0.0546875 0.07421875
2 0.915625 0.60703125 0.01484375 0.1265625
2 0.63046875 0.5109375 0.00625 0.028125
2 0.19375 0.51484375 0.00625 0.01875
0 0.39296875 0.4953125 0.04609375 0.06328125
0 0.4609375 0.49765625 0.01484375 0.02578125