0 0.809375 0.53984375 0.09375 0.059375
0 0.5375 0.509375 0.01875 0.02578125
2 0.6578125 0.5453125 0.009375 0.03984375
2 0.64140625 0.540625 0.0078125 0.0328125
2 0.671875 0.54140625 0.00625 0.03046875
2 0.33359375 0.51796875 0.00625 0.0234375
2 0.26640625 0.521875 0.00625 0.03203125
2 0.6234375 0.53046875 0.00859375 0.03046875
1 0.60078125 0.4671875 0.01328125 0.03046875
2 0.7484375 0.57109375 0.01171875 0.06796875
2 0.2796875 0.5171875 0.00546875 0.02578125
0 0.48984375 0.50703125 0.0125 0.02265625
0 0.39453125 0.5015625 0.046875 0.04140625
0 0.46875 0.50390625 0.02578125 0.03515625
2 0.01953125 0.5390625 0.00859375 0.05546875
2 0.08828125 0.534375 0.00703125 0.046875
2 0.6125 0.5234375 0.00703125 0.03125
2 0.35546875 0.515625 0.00546875 0.02265625
0 0.8875 0.54609375 0.0640625 0.04296875
2 0.36875 0.51484375 0.0046875 0.021875
2 0.596875 0.51875 0.00546875 0.021875
2 0.9265625 0.6390625 0.0359375 0.12734375
2 0.18125 0.5328125 0.01015625 0.02421875
0 0.95 0.5375 0.09765625 0.0625
2 0.496875 0.51328125 0.00625 0.0125