2 0.65234375 0.49609375 0.00703125 0.0328125
2 0.62578125 0.490625 0.00625 0.02578125
0 0.55 0.471875 0.0234375 0.034375
2 0.665625 0.5078125 0.01171875 0.03671875
0 0.4875 0.4671875 0.0375 0.025
1 0.81875 0.353125 0.046875 0.10234375
0 0.08671875 0.49921875 0.17265625 0.3515625
0 0.3171875 0.4875 0.096875 0.1140625
2 0.596875 0.48203125 0.00703125 0.01953125
2 0.7078125 0.51796875 0.0171875 0.0609375
1 0.58125 0.43828125 0.009375 0.01953125
2 0.615625 0.4859375 0.00703125 0.0203125
2 0.60078125 0.47734375 0.00546875 0.0203125
2 0.40234375 0.48125 0.00390625 0.01484375
0 0.22578125 0.475 0.07734375 0.04453125