2 0.66875 0.49296875 0.009375 0.040625
2 0.653125 0.48359375 0.009375 0.03671875
2 0.6265625 0.478125 0.00703125 0.02890625
1 0.83125 0.321875 0.05234375 0.1125
2 0.615625 0.475 0.00625 0.02265625
2 0.5984375 0.4703125 0.00625 0.01953125
0 0.54609375 0.46640625 0.0234375 0.03515625
2 0.71484375 0.503125 0.015625 0.06015625
0 0.303125 0.50078125 0.10703125 0.12734375
0 0.4828125 0.465625 0.0390625 0.0265625
1 0.57890625 0.43125 0.0078125 0.0171875
0 0.059375 0.54765625 0.11640625 0.3140625
0 0.2234375 0.496875 0.06796875 0.05