2 0.6703125 0.53515625 0.00859375 0.05234375
2 0.6375 0.521875 0.00703125 0.04375
2 0.796875 0.55703125 0.009375 0.06640625
2 0.76484375 0.55546875 0.00859375 0.06484375
2 0.2234375 0.53046875 0.00859375 0.034375
2 0.165625 0.5359375 0.0078125 0.04765625
2 0.72421875 0.55234375 0.015625 0.06640625
1 0.60625 0.43125 0.01875 0.040625
2 0.25 0.5296875 0.0078125 0.02734375
0 0.5125 0.5015625 0.01796875 0.02421875
2 0.0265625 0.54765625 0.0125 0.04765625
2 0.815625 0.5765625 0.01171875 0.0953125
0 0.35625 0.50078125 0.06171875 0.0671875
2 0.234375 0.52265625 0.0078125 0.025
0 0.40390625 0.4984375 0.04296875 0.05625
2 0.32265625 0.5171875 0.00625 0.02109375
0 0.4625 0.50078125 0.015625 0.02578125
2 0.7640625 0.5328125 0.00625 0.0265625