0 0.13125 0.48828125 0.26015625 0.275
0 0.3453125 0.4875 0.084375 0.10625
0 0.4984375 0.471875 0.03359375 0.03046875
0 0.55078125 0.4859375 0.02421875 0.04140625
2 0.690625 0.52890625 0.01328125 0.053125
2 0.65859375 0.51953125 0.01328125 0.04453125
2 0.78359375 0.39140625 0.04296875 0.10390625
1 0.78359375 0.38671875 0.040625 0.09375
1 0.58203125 0.453125 0.01015625 0.03125
0 0.49765625 0.47421875 0.03125 0.02578125
2 0.65703125 0.51640625 0.0078125 0.03984375
2 0.78359375 0.38671875 0.040625 0.09375
1 0.58203125 0.45 0.0078125 0.0171875
0 0.13125 0.496875 0.26171875 0.25546875
0 0.3421875 0.490625 0.0828125 0.09921875
0 0.55 0.48359375 0.02421875 0.0359375
2 0.64609375 0.50859375 0.00703125 0.03359375
2 0.6234375 0.5 0.0046875 0.02734375
2 0.6109375 0.4921875 0.00546875 0.0171875
2 0.5953125 0.48984375 0.00546875 0.01640625
2 0.6390625 0.5015625 0.00625 0.02734375
2 0.9515625 0.61484375 0.01640625 0.12421875
2 0.6515625 0.5140625 0.00859375 0.03828125