2 0.634375 0.53203125 0.00625 0.03671875
2 0.6859375 0.5515625 0.0078125 0.0359375
2 0.64765625 0.53359375 0.00546875 0.0234375
2 0.62265625 0.528125 0.00703125 0.03203125
2 0.209375 0.521875 0.00546875 0.0359375
0 0.53984375 0.50703125 0.0203125 0.02578125
2 0.6109375 0.52109375 0.00546875 0.028125
1 0.59453125 0.47109375 0.01171875 0.02734375
2 0.16953125 0.52421875 0.00703125 0.0390625
2 0.03359375 0.53671875 0.0078125 0.05859375
2 0.3671875 0.5125 0.00625 0.01953125
2 0.94609375 0.63125 0.01796875 0.11015625
2 0.3828125 0.5109375 0.00625 0.0203125
2 0.746875 0.5609375 0.01484375 0.09765625
2 0.31796875 0.51484375 0.00625 0.0265625
0 0.47734375 0.5015625 0.01953125 0.03125