0 0.9390625 0.5375 0.1203125 0.1140625
2 0.7015625 0.5484375 0.00859375 0.046875
2 0.62421875 0.528125 0.00703125 0.03359375
2 0.64453125 0.5328125 0.0078125 0.04140625
2 0.24921875 0.52578125 0.0078125 0.0328125
2 0.6765625 0.5453125 0.0109375 0.04765625
2 0.71953125 0.559375 0.01015625 0.0609375
2 0.725 0.54921875 0.00703125 0.04375
2 0.3046875 0.52109375 0.00703125 0.025
1 0.603125 0.4484375 0.01640625 0.0375
2 0.1265625 0.534375 0.00625 0.04765625
0 0.5234375 0.50625 0.0203125 0.02421875
2 0.2875 0.52109375 0.00859375 0.0296875
0 0.37734375 0.50078125 0.06875 0.05546875
2 0.159375 0.528125 0.01015625 0.03515625
2 0.01484375 0.55546875 0.00703125 0.0390625
0 0.43515625 0.50078125 0.03515625 0.04609375
2 0.659375 0.5171875 0.00703125 0.025
2 0.48203125 0.5109375 0.0078125 0.0125