2 0.65078125 0.49609375 0.00703125 0.03359375
2 0.6640625 0.50703125 0.0109375 0.0390625
2 0.80703125 0.36640625 0.0453125 0.10078125
1 0.58359375 0.43828125 0.00859375 0.0171875
2 0.62578125 0.48984375 0.00546875 0.02734375
2 0.70234375 0.51953125 0.0171875 0.059375
0 0.49375 0.46328125 0.03671875 0.02578125
0 0.55078125 0.47265625 0.0234375 0.03203125
2 0.61640625 0.48671875 0.00546875 0.021875
0 0.32734375 0.4796875 0.08984375 0.11015625
0 0.10390625 0.4953125 0.20234375 0.33125
2 0.6015625 0.48125 0.00546875 0.01953125
2 0.40546875 0.47421875 0.00546875 0.01640625
0 0.23515625 0.46796875 0.053125 0.04921875