2 0.23671875 0.57578125 0.0125 0.0625
0 0.84296875 0.503125 0.17890625 0.1796875
0 0.68515625 0.49765625 0.0953125 0.109375
0 0.48359375 0.50546875 0.015625 0.0234375
2 0.22578125 0.5375 0.009375 0.0421875
2 0.33046875 0.40078125 0.02890625 0.06640625
2 0.38125 0.5203125 0.0109375 0.02890625
2 0.03203125 0.6453125 0.04296875 0.15546875
2 0.4296875 0.51484375 0.00625 0.01640625
0 0.53828125 0.50234375 0.01484375 0.02109375
2 0.95546875 0.53203125 0.0078125 0.0734375
2 0.4640625 0.509375 0.00546875 0.0125