0 0.378125 0.50078125 0.06796875 0.05625
2 0.6390625 0.5359375 0.0078125 0.0390625
2 0.6703125 0.54765625 0.01015625 0.04453125
2 0.25625 0.525 0.00625 0.03125
2 0.69453125 0.54921875 0.0078125 0.04296875
2 0.621875 0.52734375 0.00625 0.03203125
0 0.5234375 0.50859375 0.01875 0.0234375
2 0.71015625 0.5578125 0.01015625 0.05625
2 0.71640625 0.54921875 0.00703125 0.04140625
2 0.31015625 0.521875 0.00625 0.0234375
2 0.2921875 0.52265625 0.00859375 0.028125
2 0.140625 0.5359375 0.00703125 0.04296875
2 0.67265625 0.53046875 0.00703125 0.02734375
2 0.17109375 0.528125 0.00859375 0.034375
1 0.60078125 0.45234375 0.015625 0.034375
0 0.93203125 0.5453125 0.134375 0.09296875
0 0.43671875 0.503125 0.034375 0.04453125
0 0.4734375 0.5046875 0.0140625 0.0234375
2 0.709375 0.540625 0.00625 0.0296875