2 0.36875 0.53046875 0.00703125 0.0328125
2 0.2703125 0.56796875 0.01328125 0.05859375
2 0.3234375 0.55 0.01015625 0.0390625
2 0.35625 0.5296875 0.00546875 0.025
2 0.771875 0.5234375 0.00546875 0.0359375
2 0.3796875 0.525 0.00625 0.03203125
1 0.40703125 0.47109375 0.01171875 0.028125
2 0.99375 0.54140625 0.00859375 0.05625
2 0.390625 0.52109375 0.00546875 0.02421875
0 0.46015625 0.50703125 0.02109375 0.028125
2 0.92265625 0.53671875 0.00703125 0.05234375
2 0.11875 0.61484375 0.0296875 0.09296875
2 0.6734375 0.51640625 0.0046875 0.02421875
2 0.62734375 0.5140625 0.00625 0.0203125
2 0.61171875 0.51171875 0.00546875 0.01875
2 0.8078125 0.525 0.00625 0.04140625
0 0.5203125 0.5015625 0.01875 0.03046875
2 0.440625 0.51484375 0.00546875 0.01171875