0 0.53828125 0.50703125 0.01875 0.025
2 0.64609375 0.53671875 0.00625 0.0390625
2 0.63125 0.53359375 0.00703125 0.0328125
2 0.6171875 0.5265625 0.00546875 0.028125
2 0.35078125 0.51171875 0.00546875 0.025
2 0.659375 0.534375 0.00546875 0.03203125
2 0.621875 0.5265625 0.00625 0.025
2 0.7140625 0.56640625 0.01640625 0.059375
2 0.36953125 0.5109375 0.00546875 0.0203125
1 0.5984375 0.46640625 0.0125 0.02734375
2 0.1015625 0.5265625 0.0078125 0.04765625
2 0.29296875 0.51484375 0.00546875 0.028125
2 0.153125 0.525 0.00546875 0.04296875
0 0.4734375 0.50078125 0.02109375 0.0328125
2 0.49765625 0.5109375 0.00546875 0.015625
2 0.81875 0.60078125 0.01171875 0.09375
0 0.49140625 0.503125 0.0125 0.02265625
0 0.39921875 0.49921875 0.03125 0.0375
2 0.6078125 0.52265625 0.00625 0.02265625
2 0.6046875 0.52890625 0.0140625 0.03203125