2 0.66484375 0.53359375 0.009375 0.05390625
2 0.63515625 0.5234375 0.00625 0.03828125
2 0.7515625 0.55390625 0.00859375 0.06171875
2 0.78203125 0.553125 0.01015625 0.0625
2 0.1796875 0.53515625 0.00859375 0.04296875
2 0.23359375 0.52890625 0.009375 0.0390625
2 0.715625 0.55078125 0.0140625 0.0609375
0 0.5140625 0.503125 0.01875 0.02421875
2 0.7953125 0.571875 0.0125 0.090625
2 0.05078125 0.54453125 0.01171875 0.04453125
1 0.60546875 0.434375 0.01796875 0.0421875
2 0.24375 0.51875 0.00703125 0.0265625
2 0.25859375 0.5296875 0.00703125 0.02421875
0 0.409375 0.49921875 0.040625 0.0546875
0 0.4640625 0.5015625 0.0140625 0.02578125
2 0.328125 0.51796875 0.00546875 0.028125
0 0.36171875 0.50078125 0.05703125 0.06484375