0 0.1234375 0.5 0.246875 0.2890625
0 0.3375 0.48828125 0.084375 0.10625
0 0.5515625 0.484375 0.025 0.04375
0 0.49609375 0.47421875 0.03515625 0.03515625
1 0.79375 0.38515625 0.0421875 0.0984375
1 0.5828125 0.45078125 0.01015625 0.021875
2 0.66015625 0.51875 0.01171875 0.0453125
2 0.6484375 0.50390625 0.00703125 0.0390625
2 0.69453125 0.52421875 0.0125 0.06484375
2 0.625 0.49765625 0.00546875 0.03125
2 0.61484375 0.49375 0.0046875 0.0234375
2 0.59609375 0.4875 0.00546875 0.0171875
2 0.98203125 0.6203125 0.02265625 0.1359375
2 0.6390625 0.49765625 0.00703125 0.03046875